checking at (84879,84065)-(14147,16842) (84878.50,84064.50),(84878.50,16842.50),(14147.50,84064.50),(14147.50,16842.50) -> 4754955192
checking at (84879,84065)-(17695,13399) (84878.50,84064.50),(84878.50,13399.50),(17695.50,84064.50),(17695.50,13399.50) -> 4747762395
checking at (84879,84065)-(15341,15813) (84878.50,84064.50),(84878.50,15813.50),(15341.50,84064.50),(15341.50,15813.50) -> 4746245367
checking at (84879,84065)-(17157,14012) (84878.50,84064.50),(84878.50,14012.50),(17157.50,84064.50),(17157.50,14012.50) -> 4744267042
checking at (84879,84065)-(13753,17399) (84878.50,84064.50),(84878.50,17399.50),(13753.50,84064.50),(13753.50,17399.50) -> 4741823709
checking at (84879,84065)-(16031,15227) (84878.50,84064.50),(84878.50,15227.50),(16031.50,84064.50),(16031.50,15227.50) -> 4739496311
checking at (84879,84065)-(18782,12438) (84878.50,84064.50),(84878.50,12438.50),(18782.50,84064.50),(18782.50,12438.50) -> 4734467544
checking at (81224,87400)-(14147,16842) (81223.50,87399.50),(81223.50,16842.50),(14147.50,87399.50),(14147.50,16842.50) -> 4732956602
checking at (87135,81550)-(17695,13399) (87134.50,81549.50),(87134.50,13399.50),(17695.50,81549.50),(17695.50,13399.50) -> 4732543032
checking at (81914,86608)-(14147,16842) (81913.50,86607.50),(81913.50,16842.50),(14147.50,86607.50),(14147.50,16842.50) -> 4727970056
checking at (87135,81550)-(17157,14012) (87134.50,81549.50),(87134.50,14012.50),(17157.50,81549.50),(17157.50,14012.50) -> 4726311681
checking at (87135,81550)-(18782,12438) (87134.50,81549.50),(87134.50,12438.50),(18782.50,81549.50),(18782.50,12438.50) -> 4724150002
checking at (85154,83369)-(14147,16842) (85153.50,83368.50),(85153.50,16842.50),(14147.50,83368.50),(14147.50,16842.50) -> 4724020224
checking at (84879,84065)-(11832,19402) (84878.50,84064.50),(84878.50,19402.50),(11832.50,84064.50),(11832.50,19402.50) -> 4723575872
checking at (81224,87400)-(13753,17399) (81223.50,87399.50),(81223.50,17399.50),(13753.50,87399.50),(13753.50,17399.50) -> 4723174944
checking at (87135,81550)-(14147,16842) (87134.50,81549.50),(87134.50,16842.50),(14147.50,81549.50),(14147.50,16842.50) -> 4723045201
checking at (85154,83369)-(17695,13399) (85153.50,83368.50),(85153.50,13399.50),(17695.50,83368.50),(17695.50,13399.50) -> 4720243660
checking at (87135,81550)-(15341,15813) (87134.50,81549.50),(87134.50,15813.50),(15341.50,81549.50),(15341.50,15813.50) -> 4719659710
checking at (83848,84550)-(14147,16842) (83847.50,84549.50),(83847.50,16842.50),(14147.50,84549.50),(14147.50,16842.50) -> 4719452718
checking at (86514,81966)-(17695,13399) (86513.50,81965.50),(86513.50,13399.50),(17695.50,81965.50),(17695.50,13399.50) -> 4718849760
checking at (81224,87400)-(11832,19402) (81223.50,87399.50),(81223.50,19402.50),(11832.50,87399.50),(11832.50,19402.50) -> 4718654607
checking at (84879,84065)-(12719,18681) (84878.50,84064.50),(84878.50,18681.50),(12719.50,84064.50),(12719.50,18681.50) -> 4718246985
checking at (81914,86608)-(13753,17399) (81913.50,86607.50),(81913.50,17399.50),(13753.50,86607.50),(13753.50,17399.50) -> 4717492020
checking at (81224,87400)-(15341,15813) (81223.50,87399.50),(81223.50,15813.50),(15341.50,87399.50),(15341.50,15813.50) -> 4716503792
checking at (85154,83369)-(15341,15813) (85153.50,83368.50),(85153.50,15813.50),(15341.50,83368.50),(15341.50,15813.50) -> 4716424398
checking at (85154,83369)-(17157,14012) (85153.50,83368.50),(85153.50,14012.50),(17157.50,83368.50),(17157.50,14012.50) -> 4716205284
checking at (87135,81550)-(16031,15227) (87134.50,81549.50),(87134.50,15227.50),(16031.50,81549.50),(16031.50,15227.50) -> 4715968020
checking at (84879,84065)-(14147,17399) (84878.50,84064.50),(84878.50,17399.50),(14147.50,84064.50),(14147.50,17399.50) -> 4715556911
checking at (86514,81966)-(17157,14012) (86513.50,81965.50),(86513.50,14012.50),(17157.50,81965.50),(17157.50,14012.50) -> 4713222890
checking at (81914,86608)-(15341,15813) (81913.50,86607.50),(81913.50,15813.50),(15341.50,86607.50),(15341.50,15813.50) -> 4713172904
checking at (86514,81966)-(14147,16842) (86513.50,81965.50),(86513.50,16842.50),(14147.50,81965.50),(14147.50,16842.50) -> 4712966000
checking at (88919,79538)-(17695,13399) (88918.50,79537.50),(88918.50,13399.50),(17695.50,79537.50),(17695.50,13399.50) -> 4710821500
checking at (85154,83369)-(13753,17399) (85153.50,83368.50),(85153.50,17399.50),(13753.50,83368.50),(13753.50,17399.50) -> 4710461342
checking at (81224,87400)-(11068,20260) (81223.50,87399.50),(81223.50,20260.50),(11068.50,87399.50),(11068.50,20260.50) -> 4710411137
checking at (85154,83369)-(16031,15227) (85153.50,83368.50),(85153.50,15227.50),(16031.50,83368.50),(16031.50,15227.50) -> 4710316732
checking at (81914,86608)-(11832,19402) (81913.50,86607.50),(81913.50,19402.50),(11832.50,86607.50),(11832.50,19402.50) -> 4710068181
checking at (87908,80478)-(17695,13399) (87907.50,80477.50),(87907.50,13399.50),(17695.50,80477.50),(17695.50,13399.50) -> 4709955120
checking at (84879,84065)-(11068,20260) (84878.50,84064.50),(84878.50,20260.50),(11068.50,84064.50),(11068.50,20260.50) -> 4709648472
checking at (86514,81966)-(18782,12438) (86513.50,81965.50),(86513.50,12438.50),(18782.50,81965.50),(18782.50,12438.50) -> 4709407757
checking at (83848,84550)-(15341,15813) (83847.50,84549.50),(83847.50,15813.50),(15341.50,84549.50),(15341.50,15813.50) -> 4709102904
checking at (86514,81966)-(15341,15813) (86513.50,81965.50),(86513.50,15813.50),(15341.50,81965.50),(15341.50,15813.50) -> 4708444796
checking at (85154,83369)-(18782,12438) (85153.50,83368.50),(85153.50,12438.50),(18782.50,83368.50),(18782.50,12438.50) -> 4707969636
checking at (81224,87400)-(12719,18681) (81223.50,87399.50),(81223.50,18681.50),(12719.50,87399.50),(12719.50,18681.50) -> 4707732320
checking at (87135,81550)-(13753,17399) (87134.50,81549.50),(87134.50,17399.50),(13753.50,81549.50),(13753.50,17399.50) -> 4707666216
checking at (83848,84550)-(13753,17399) (83847.50,84549.50),(83847.50,17399.50),(13753.50,84549.50),(13753.50,17399.50) -> 4707086592
checking at (83848,84550)-(17695,13399) (83847.50,84549.50),(83847.50,13399.50),(17695.50,84549.50),(17695.50,13399.50) -> 4706989408
checking at (84879,84065)-(17695,14012) (84878.50,84064.50),(84878.50,14012.50),(17695.50,84064.50),(17695.50,14012.50) -> 4706577990
checking at (88919,79538)-(18782,12438) (88918.50,79537.50),(88918.50,12438.50),(18782.50,79537.50),(18782.50,12438.50) -> 4706329938
checking at (82633,85553)-(14147,16842) (82632.50,85552.50),(82632.50,16842.50),(14147.50,85552.50),(14147.50,16842.50) -> 4705878744
checking at (84879,83369)-(14147,16842) (84878.50,83368.50),(84878.50,16842.50),(14147.50,83368.50),(14147.50,16842.50) -> 4705725024
checking at (84879,84065)-(19572,12015) (84878.50,84064.50),(84878.50,12015.50),(19572.50,84064.50),(19572.50,12015.50) -> 4705506708
checking at (81224,87400)-(16031,15227) (81223.50,87399.50),(81223.50,15227.50),(16031.50,87399.50),(16031.50,15227.50) -> 4705311756
checking at (83848,84550)-(17157,14012) (83847.50,84549.50),(83847.50,14012.50),(17157.50,84549.50),(17157.50,14012.50) -> 4704386988
checking at (86514,81966)-(16031,15227) (86513.50,81965.50),(86513.50,15227.50),(16031.50,81965.50),(16031.50,15227.50) -> 4704102160
checking at (87908,80478)-(18782,12438) (87907.50,80477.50),(87907.50,12438.50),(18782.50,80477.50),(18782.50,12438.50) -> 4703470207
checking at (81914,86608)-(16031,15227) (81913.50,86607.50),(81913.50,15227.50),(16031.50,86607.50),(16031.50,15227.50) -> 4702931688
checking at (87908,80478)-(17157,14012) (87907.50,80477.50),(87907.50,14012.50),(17157.50,80477.50),(17157.50,14012.50) -> 4702673184
checking at (88919,79538)-(17157,14012) (88918.50,79537.50),(88918.50,14012.50),(17157.50,79537.50),(17157.50,14012.50) -> 4702414101
checking at (81224,87400)-(17157,14012) (81223.50,87399.50),(81223.50,14012.50),(17157.50,87399.50),(17157.50,14012.50) -> 4701886452
checking at (81914,86608)-(17695,13399) (81913.50,86607.50),(81913.50,13399.50),(17695.50,86607.50),(17695.50,13399.50) -> 4701546200
checking at (83848,84550)-(16031,15227) (83847.50,84549.50),(83847.50,15227.50),(16031.50,84549.50),(16031.50,15227.50) -> 4701415032
checking at (81224,87400)-(17695,13399) (81223.50,87399.50),(81223.50,13399.50),(17695.50,87399.50),(17695.50,13399.50) -> 4701347060
checking at (81914,86608)-(17157,14012) (81913.50,86607.50),(81913.50,14012.50),(17157.50,86607.50),(17157.50,14012.50) -> 4701236526
checking at (84879,83369)-(17695,13399) (84878.50,83368.50),(84878.50,13399.50),(17695.50,83368.50),(17695.50,13399.50) -> 4701001635
checking at (81914,86608)-(11068,20260) (81913.50,86607.50),(81913.50,20260.50),(11068.50,86607.50),(11068.50,20260.50) -> 4700627603
checking at (81914,86608)-(12719,18681) (81913.50,86607.50),(81913.50,18681.50),(12719.50,86607.50),(12719.50,18681.50) -> 4700345888
checking at (80297,87882)-(14147,16842) (80296.50,87881.50),(80296.50,16842.50),(14147.50,87881.50),(14147.50,16842.50) -> 4699433191
checking at (84879,84065)-(16031,15813) (84878.50,84064.50),(84878.50,15813.50),(16031.50,84064.50),(16031.50,15813.50) -> 4699150797
checking at (87135,81550)-(19572,12015) (87134.50,81549.50),(87134.50,12015.50),(19572.50,81549.50),(19572.50,12015.50) -> 4698130304
checking at (86514,81966)-(13753,17399) (86513.50,81965.50),(86513.50,17399.50),(13753.50,81965.50),(13753.50,17399.50) -> 4698096816
checking at (84879,83369)-(15341,15813) (84878.50,83368.50),(84878.50,15813.50),(15341.50,83368.50),(15341.50,15813.50) -> 4697846223
checking at (84879,83369)-(17157,14012) (84878.50,83368.50),(84878.50,14012.50),(17157.50,83368.50),(17157.50,14012.50) -> 4697131834
checking at (81224,87400)-(14147,17399) (81223.50,87399.50),(81223.50,17399.50),(14147.50,87399.50),(14147.50,17399.50) -> 4695594156
checking at (89515,78771)-(17695,13399) (89514.50,78770.50),(89514.50,13399.50),(17695.50,78770.50),(17695.50,13399.50) -> 4695154233
checking at (14768,83275)-(83505,14977) (83504.50,83274.50),(83504.50,14977.50),(14768.50,83274.50),(14768.50,14977.50) -> 4694736662
checking at (82633,85553)-(13753,17399) (82632.50,85552.50),(82632.50,17399.50),(13753.50,85552.50),(13753.50,17399.50) -> 4694584555
checking at (87908,80478)-(14147,16842) (87907.50,80477.50),(87907.50,16842.50),(14147.50,80477.50),(14147.50,16842.50) -> 4693992394
checking at (79129,89069)-(14147,16842) (79128.50,89068.50),(79128.50,16842.50),(14147.50,89068.50),(14147.50,16842.50) -> 4693592124
checking at (82633,85553)-(15341,15813) (82632.50,85552.50),(82632.50,15813.50),(15341.50,85552.50),(15341.50,15813.50) -> 4693081113
checking at (87908,80478)-(15341,15813) (87907.50,80477.50),(87907.50,15813.50),(15341.50,80477.50),(15341.50,15813.50) -> 4692682288
checking at (84879,83369)-(13753,17399) (84878.50,83368.50),(84878.50,17399.50),(13753.50,83368.50),(13753.50,17399.50) -> 4692319317
checking at (83848,84550)-(18782,12438) (83847.50,84549.50),(83847.50,12438.50),(18782.50,84549.50),(18782.50,12438.50) -> 4692176571
checking at (89515,78771)-(18782,12438) (89514.50,78770.50),(89514.50,12438.50),(18782.50,78770.50),(18782.50,12438.50) -> 4692069156
checking at (83848,84550)-(11832,19402) (83847.50,84549.50),(83847.50,19402.50),(11832.50,84549.50),(11832.50,19402.50) -> 4691835533
checking at (84879,83369)-(16031,15227) (84878.50,83368.50),(84878.50,15227.50),(16031.50,83368.50),(16031.50,15227.50) -> 4691577407
checking at (78496,89747)-(14147,16842) (78495.50,89746.50),(78495.50,16842.50),(14147.50,89746.50),(14147.50,16842.50) -> 4691501100
checking at (80297,87882)-(13753,17399) (80296.50,87881.50),(80296.50,17399.50),(13753.50,87881.50),(13753.50,17399.50) -> 4690357780
checking at (85154,83369)-(11832,19402) (85153.50,83368.50),(85153.50,19402.50),(11832.50,83368.50),(11832.50,19402.50) -> 4690325664
checking at (81914,86608)-(14147,17399) (81913.50,86607.50),(81913.50,17399.50),(14147.50,86607.50),(14147.50,17399.50) -> 4690223280
checking at (86514,81550)-(17695,13399) (86513.50,81549.50),(86513.50,13399.50),(17695.50,81549.50),(17695.50,13399.50) -> 4690220640
checking at (87908,80478)-(16031,15227) (87907.50,80477.50),(87907.50,15227.50),(16031.50,80477.50),(16031.50,15227.50) -> 4690183256
checking at (87135,81550)-(17695,14012) (87134.50,81549.50),(87134.50,14012.50),(17695.50,81549.50),(17695.50,14012.50) -> 4689975699
checking at (78496,89747)-(11832,19402) (78495.50,89746.50),(78495.50,19402.50),(11832.50,89746.50),(11832.50,19402.50) -> 4689616090
checking at (88919,79538)-(15341,15813) (88918.50,79537.50),(88918.50,15813.50),(15341.50,79537.50),(15341.50,15813.50) -> 4688895354
checking at (80297,87882)-(11832,19402) (80296.50,87881.50),(80296.50,19402.50),(11832.50,87881.50),(11832.50,19402.50) -> 4688620146
checking at (79129,89069)-(11832,19402) (79128.50,89068.50),(79128.50,19402.50),(11832.50,89068.50),(11832.50,19402.50) -> 4688517064
checking at (84879,83369)-(18782,12438) (84878.50,83368.50),(84878.50,12438.50),(18782.50,83368.50),(18782.50,12438.50) -> 4688463336
checking at (88919,79538)-(14147,16842) (88918.50,79537.50),(88918.50,16842.50),(14147.50,79537.50),(14147.50,16842.50) -> 4688042781
checking at (88919,79538)-(16031,15227) (88918.50,79537.50),(88918.50,15227.50),(16031.50,79537.50),(16031.50,15227.50) -> 4687637368
checking at (89515,78771)-(17157,14012) (89514.50,78770.50),(89514.50,14012.50),(17157.50,78770.50),(17157.50,14012.50) -> 4685968840
checking at (85154,83369)-(12719,18681) (85153.50,83368.50),(85153.50,18681.50),(12719.50,83368.50),(12719.50,18681.50) -> 4685812404
checking at (82633,85553)-(17695,13399) (82632.50,85552.50),(82632.50,13399.50),(17695.50,85552.50),(17695.50,13399.50) -> 4685673545
checking at (83848,84065)-(14147,16842) (83847.50,84064.50),(83847.50,16842.50),(14147.50,84064.50),(14147.50,16842.50) -> 4685647248
checking at (79129,89069)-(13753,17399) (79128.50,89068.50),(79128.50,17399.50),(13753.50,89068.50),(13753.50,17399.50) -> 4685634967
checking at (78496,89747)-(11068,20260) (78495.50,89746.50),(78495.50,20260.50),(11068.50,89746.50),(11068.50,20260.50) -> 4685506352
checking at (83848,84550)-(12719,18681) (83847.50,84549.50),(83847.50,18681.50),(12719.50,84549.50),(12719.50,18681.50) -> 4685333100
checking at (85154,83369)-(14147,17399) (85153.50,83368.50),(85153.50,17399.50),(14147.50,83368.50),(14147.50,17399.50) -> 4684468768
checking at (86514,81550)-(17157,14012) (86513.50,81549.50),(86513.50,14012.50),(17157.50,81549.50),(17157.50,14012.50) -> 4684369962
checking at (82633,85553)-(17157,14012) (82632.50,85552.50),(82632.50,14012.50),(17157.50,85552.50),(17157.50,14012.50) -> 4684355534
checking at (78496,89747)-(13753,17399) (78495.50,89746.50),(78495.50,17399.50),(13753.50,89746.50),(13753.50,17399.50) -> 4684163656
checking at (82633,85553)-(16031,15227) (82632.50,85552.50),(82632.50,15227.50),(16031.50,85552.50),(16031.50,15227.50) -> 4683989181
checking at (82633,85553)-(11832,19402) (82632.50,85552.50),(82632.50,19402.50),(11832.50,85552.50),(11832.50,19402.50) -> 4683693904
checking at (79129,89069)-(11068,20260) (79128.50,89068.50),(79128.50,20260.50),(11068.50,89068.50),(11068.50,20260.50) -> 4683346220
checking at (86514,81550)-(14147,16842) (86513.50,81549.50),(86513.50,16842.50),(14147.50,81549.50),(14147.50,16842.50) -> 4682860912
checking at (86514,81966)-(19572,12015) (86513.50,81965.50),(86513.50,12015.50),(19572.50,81965.50),(19572.50,12015.50) -> 4682796736
checking at (88919,79538)-(19572,12015) (88918.50,79537.50),(88918.50,12015.50),(19572.50,79537.50),(19572.50,12015.50) -> 4682654352
checking at (81914,86608)-(18782,12438) (81913.50,86607.50),(81913.50,12438.50),(18782.50,86607.50),(18782.50,12438.50) -> 4682637743
checking at (87135,81550)-(14147,17399) (87134.50,81549.50),(87134.50,17399.50),(14147.50,81549.50),(14147.50,17399.50) -> 4682390328
checking at (80297,87882)-(11068,20260) (80296.50,87881.50),(80296.50,20260.50),(11068.50,87881.50),(11068.50,20260.50) -> 4681540290
checking at (80297,87882)-(15341,15813) (80296.50,87881.50),(80296.50,15813.50),(15341.50,87881.50),(15341.50,15813.50) -> 4681450990
checking at (86514,81550)-(18782,12438) (86513.50,81549.50),(86513.50,12438.50),(18782.50,81549.50),(18782.50,12438.50) -> 4681230829
checking at (81224,87400)-(18782,12438) (81223.50,87399.50),(81223.50,12438.50),(18782.50,87399.50),(18782.50,12438.50) -> 4680914609
checking at (83848,84550)-(14147,17399) (83847.50,84549.50),(83847.50,17399.50),(14147.50,84549.50),(14147.50,17399.50) -> 4680628704
checking at (87135,81550)-(11832,19402) (87134.50,81549.50),(87134.50,19402.50),(11832.50,81549.50),(11832.50,19402.50) -> 4680068296
checking at (81224,86608)-(14147,16842) (81223.50,86607.50),(81223.50,16842.50),(14147.50,86607.50),(14147.50,16842.50) -> 4679830826
checking at (85154,83369)-(19572,12015) (85153.50,83368.50),(85153.50,12015.50),(19572.50,83368.50),(19572.50,12015.50) -> 4679674965
checking at (83848,84550)-(11068,20260) (83847.50,84549.50),(83847.50,20260.50),(11068.50,84549.50),(11068.50,20260.50) -> 4679163271
checking at (85154,83369)-(17695,14012) (85153.50,83368.50),(85153.50,14012.50),(17695.50,83368.50),(17695.50,14012.50) -> 4678890680
checking at (86514,81550)-(15341,15813) (86513.50,81549.50),(86513.50,15813.50),(15341.50,81549.50),(15341.50,15813.50) -> 4678836412
checking at (87908,80478)-(19572,12015) (87907.50,80477.50),(87907.50,12015.50),(19572.50,80477.50),(19572.50,12015.50) -> 4678624368
checking at (87135,81550)-(12719,18681) (87134.50,81549.50),(87134.50,18681.50),(12719.50,81549.50),(12719.50,18681.50) -> 4678596790
checking at (84879,84065)-(19572,12438) (84878.50,84064.50),(84878.50,12438.50),(19572.50,84064.50),(19572.50,12438.50) -> 4677881424
checking at (87908,80478)-(13753,17399) (87907.50,80477.50),(87907.50,17399.50),(13753.50,80477.50),(13753.50,17399.50) -> 4677760480
checking at (86514,81966)-(17695,14012) (86513.50,81965.50),(86513.50,14012.50),(17695.50,81965.50),(17695.50,14012.50) -> 4676663100
checking at (80297,87882)-(12719,18681) (80296.50,87881.50),(80296.50,18681.50),(12719.50,87881.50),(12719.50,18681.50) -> 4676601958
checking at (83848,84065)-(15341,15813) (83847.50,84064.50),(83847.50,15813.50),(15341.50,84064.50),(15341.50,15813.50) -> 4675876524
checking at (85154,83369)-(11068,20260) (85153.50,83368.50),(85153.50,20260.50),(11068.50,83368.50),(11068.50,20260.50) -> 4675630570
checking at (82633,85553)-(12719,18681) (82632.50,85552.50),(82632.50,18681.50),(12719.50,85552.50),(12719.50,18681.50) -> 4675425795
checking at (14768,83275)-(85122,16826) (85121.50,83274.50),(85121.50,16826.50),(14768.50,83274.50),(14768.50,16826.50) -> 4675089750
checking at (83848,84065)-(17695,13399) (83847.50,84064.50),(83847.50,13399.50),(17695.50,84064.50),(17695.50,13399.50) -> 4674904718
checking at (86514,81550)-(16031,15227) (86513.50,81549.50),(86513.50,15227.50),(16031.50,81549.50),(16031.50,15227.50) -> 4674780816
checking at (84879,84065)-(15341,16842) (84878.50,84064.50),(84878.50,16842.50),(15341.50,84064.50),(15341.50,16842.50) -> 4674689736
checking at (78496,89747)-(12719,18681) (78495.50,89746.50),(78495.50,18681.50),(12719.50,89746.50),(12719.50,18681.50) -> 4674645126
checking at (79129,89069)-(12719,18681) (79128.50,89068.50),(79128.50,18681.50),(12719.50,89068.50),(12719.50,18681.50) -> 4674603879
checking at (87135,81550)-(16031,15813) (87134.50,81549.50),(87134.50,15813.50),(16031.50,81549.50),(16031.50,15813.50) -> 4674300490
checking at (14768,83275)-(81638,13383) (81637.50,83274.50),(81637.50,13383.50),(14768.50,83274.50),(14768.50,13383.50) -> 4673814803
checking at (83848,84065)-(13753,17399) (83847.50,84064.50),(83847.50,17399.50),(13753.50,84064.50),(13753.50,17399.50) -> 4673090032
checking at (79129,89069)-(15341,15813) (79128.50,89068.50),(79128.50,15813.50),(15341.50,89068.50),(15341.50,15813.50) -> 4672990773
checking at (82633,85553)-(11068,20260) (82632.50,85552.50),(82632.50,20260.50),(11068.50,85552.50),(11068.50,20260.50) -> 4672830404
checking at (84879,83369)-(11832,19402) (84878.50,83368.50),(84878.50,19402.50),(11832.50,83368.50),(11832.50,19402.50) -> 4672734464
checking at (86514,81966)-(14147,17399) (86513.50,81965.50),(86513.50,17399.50),(14147.50,81965.50),(14147.50,17399.50) -> 4672657024
checking at (86514,81966)-(11832,19402) (86513.50,81965.50),(86513.50,19402.50),(11832.50,81965.50),(11832.50,19402.50) -> 4672541895
checking at (83848,84065)-(17157,14012) (83847.50,84064.50),(83847.50,14012.50),(17157.50,84064.50),(17157.50,14012.50) -> 4672041368
checking at (84879,84065)-(18782,13399) (84878.50,84064.50),(84878.50,13399.50),(18782.50,84064.50),(18782.50,13399.50) -> 4670947366
checking at (88919,79538)-(13753,17399) (88918.50,79537.50),(88918.50,17399.50),(13753.50,79537.50),(13753.50,17399.50) -> 4670877380
checking at (86514,81966)-(12719,18681) (86513.50,81965.50),(86513.50,18681.50),(12719.50,81965.50),(12719.50,18681.50) -> 4670253656
checking at (89515,78771)-(15341,15813) (89514.50,78770.50),(89514.50,15813.50),(15341.50,78770.50),(15341.50,15813.50) -> 4669983825
checking at (85154,83369)-(16031,15813) (85153.50,83368.50),(85153.50,15813.50),(16031.50,83368.50),(16031.50,15813.50) -> 4669810068
checking at (81224,86608)-(13753,17399) (81223.50,86607.50),(81223.50,17399.50),(13753.50,86607.50),(13753.50,17399.50) -> 4669737120
checking at (89515,78771)-(16031,15227) (89514.50,78770.50),(89514.50,15227.50),(16031.50,78770.50),(16031.50,15227.50) -> 4669604325
checking at (87135,81550)-(19572,12438) (87134.50,81549.50),(87134.50,12438.50),(19572.50,81549.50),(19572.50,12438.50) -> 4669550732
checking at (78496,89747)-(15341,15813) (78495.50,89746.50),(78495.50,15813.50),(15341.50,89746.50),(15341.50,15813.50) -> 4669438860
checking at (80297,87882)-(16031,15227) (80296.50,87881.50),(80296.50,15227.50),(16031.50,87881.50),(16031.50,15227.50) -> 4669383152
checking at (89515,78771)-(19572,12015) (89514.50,78770.50),(89514.50,12015.50),(19572.50,78770.50),(19572.50,12015.50) -> 4669251608
checking at (82633,85553)-(18782,12438) (82632.50,85552.50),(82632.50,12438.50),(18782.50,85552.50),(18782.50,12438.50) -> 4668602832
checking at (83848,84065)-(16031,15227) (83847.50,84064.50),(83847.50,15227.50),(16031.50,84064.50),(16031.50,15227.50) -> 4668523302
checking at (84879,83369)-(12719,18681) (84878.50,83368.50),(84878.50,18681.50),(12719.50,83368.50),(12719.50,18681.50) -> 4668022929
checking at (86514,81550)-(13753,17399) (86513.50,81549.50),(86513.50,17399.50),(13753.50,81549.50),(13753.50,17399.50) -> 4667827824
checking at (82633,85553)-(14147,17399) (82632.50,85552.50),(82632.50,17399.50),(14147.50,85552.50),(14147.50,17399.50) -> 4667731485
checking at (89515,78771)-(14147,16842) (89514.50,78770.50),(89514.50,16842.50),(14147.50,78770.50),(14147.50,16842.50) -> 4667602170
checking at (80297,87400)-(14147,16842) (80296.50,87399.50),(80296.50,16842.50),(14147.50,87399.50),(14147.50,16842.50) -> 4667548409
checking at (88919,79538)-(17695,14012) (88918.50,79537.50),(88918.50,14012.50),(17695.50,79537.50),(17695.50,14012.50) -> 4667160575
checking at (81224,87400)-(16031,15813) (81223.50,87399.50),(81223.50,15813.50),(16031.50,87399.50),(16031.50,15813.50) -> 4667108072
checking at (87908,80478)-(17695,14012) (87907.50,80477.50),(87907.50,14012.50),(17695.50,80477.50),(17695.50,14012.50) -> 4666913938
checking at (83848,84550)-(17695,14012) (83847.50,84549.50),(83847.50,14012.50),(17695.50,84549.50),(17695.50,14012.50) -> 4666437006
checking at (84879,83369)-(14147,17399) (84878.50,83368.50),(84878.50,17399.50),(14147.50,83368.50),(14147.50,17399.50) -> 4666326743
checking at (84879,84065)-(12719,19402) (84878.50,84064.50),(84878.50,19402.50),(12719.50,84064.50),(12719.50,19402.50) -> 4666218904
checking at (81224,87400)-(10731,21219) (81223.50,87399.50),(81223.50,21219.50),(10731.50,87399.50),(10731.50,21219.50) -> 4665433908
checking at (81224,86608)-(15341,15813) (81223.50,86607.50),(81223.50,15813.50),(15341.50,86607.50),(15341.50,15813.50) -> 4664323664
checking at (81914,86608)-(16031,15813) (81913.50,86607.50),(81913.50,15813.50),(16031.50,86607.50),(16031.50,15813.50) -> 4664323664
checking at (80297,87882)-(17157,14012) (80296.50,87881.50),(80296.50,14012.50),(17157.50,87881.50),(17157.50,14012.50) -> 4664288811
checking at (81224,86608)-(11832,19402) (81223.50,86607.50),(81223.50,19402.50),(11832.50,86607.50),(11832.50,19402.50) -> 4663695351
checking at (80297,87882)-(17695,13399) (80296.50,87881.50),(80296.50,13399.50),(17695.50,87881.50),(17695.50,13399.50) -> 4662921852
checking at (86514,81966)-(16031,15813) (86513.50,81965.50),(86513.50,15813.50),(16031.50,81965.50),(16031.50,15813.50) -> 4662798536
checking at (80297,87882)-(14147,17399) (80296.50,87881.50),(80296.50,17399.50),(14147.50,87881.50),(14147.50,17399.50) -> 4662587084
checking at (81224,87400)-(17695,14012) (81223.50,87399.50),(81223.50,14012.50),(17695.50,87399.50),(17695.50,14012.50) -> 4662403170
checking at (83848,84550)-(19572,12015) (83847.50,84549.50),(83847.50,12015.50),(19572.50,84549.50),(19572.50,12015.50) -> 4662396472
checking at (87135,81550)-(11068,20260) (87134.50,81549.50),(87134.50,20260.50),(11068.50,81549.50),(11068.50,20260.50) -> 4662283788
checking at (81914,86608)-(17695,14012) (81913.50,86607.50),(81913.50,14012.50),(17695.50,86607.50),(17695.50,14012.50) -> 4662179340
checking at (84879,84065)-(17157,15227) (84878.50,84064.50),(84878.50,15227.50),(17157.50,84064.50),(17157.50,15227.50) -> 4661983597
checking at (83848,84550)-(16031,15813) (83847.50,84549.50),(83847.50,15813.50),(16031.50,84549.50),(16031.50,15813.50) -> 4661673684
checking at (84879,84065)-(11832,20260) (84878.50,84064.50),(84878.50,20260.50),(11832.50,84064.50),(11832.50,20260.50) -> 4660900688
checking at (83848,84065)-(18782,12438) (83847.50,84064.50),(83847.50,12438.50),(18782.50,84064.50),(18782.50,12438.50) -> 4660619076
checking at (84879,83369)-(19572,12015) (84878.50,83368.50),(84878.50,12015.50),(19572.50,83368.50),(19572.50,12015.50) -> 4660052340
checking at (84879,84065)-(10731,21219) (84878.50,84064.50),(84878.50,21219.50),(10731.50,84064.50),(10731.50,21219.50) -> 4660042203
checking at (84879,83369)-(17695,14012) (84878.50,83368.50),(84878.50,14012.50),(17695.50,83368.50),(17695.50,14012.50) -> 4659817230
checking at (79129,89069)-(16031,15227) (79128.50,89068.50),(79128.50,15227.50),(16031.50,89068.50),(16031.50,15227.50) -> 4659419457
checking at (81224,87400)-(11832,20260) (81223.50,87399.50),(81223.50,20260.50),(11832.50,87399.50),(11832.50,20260.50) -> 4659115413
checking at (87135,81550)-(18782,13399) (87134.50,81549.50),(87134.50,13399.50),(18782.50,81549.50),(18782.50,13399.50) -> 4658461808
checking at (81224,87400)-(12719,19402) (81223.50,87399.50),(81223.50,19402.50),(12719.50,87399.50),(12719.50,19402.50) -> 4658339494
checking at (80297,87400)-(13753,17399) (80296.50,87399.50),(80296.50,17399.50),(13753.50,87399.50),(13753.50,17399.50) -> 4658283090
checking at (84879,83369)-(11068,20260) (84878.50,83368.50),(84878.50,20260.50),(11068.50,83368.50),(11068.50,20260.50) -> 4658275320
checking at (87135,80478)-(17695,13399) (87134.50,80477.50),(87134.50,13399.50),(17695.50,80477.50),(17695.50,13399.50) -> 4658102280
checking at (84879,84065)-(20791,11392) (84878.50,84064.50),(84878.50,11392.50),(20791.50,84064.50),(20791.50,11392.50) -> 4657603986
checking at (79129,89069)-(14147,17399) (79128.50,89068.50),(79128.50,17399.50),(14147.50,89068.50),(14147.50,17399.50) -> 4657396593
checking at (90131,77691)-(17695,13399) (90130.50,77690.50),(90130.50,13399.50),(17695.50,77690.50),(17695.50,13399.50) -> 4657192041
checking at (83848,84065)-(11832,19402) (83847.50,84064.50),(83847.50,19402.50),(11832.50,84064.50),(11832.50,19402.50) -> 4656907288
checking at (81914,85553)-(14147,16842) (81913.50,85552.50),(81913.50,16842.50),(14147.50,85552.50),(14147.50,16842.50) -> 4656474816
checking at (88919,78771)-(17695,13399) (88918.50,78770.50),(88918.50,13399.50),(17695.50,78770.50),(17695.50,13399.50) -> 4656191925
checking at (90131,77691)-(18782,12438) (90130.50,77690.50),(90130.50,12438.50),(18782.50,77690.50),(18782.50,12438.50) -> 4655872900
checking at (87135,81550)-(21840,10247) (87134.50,81549.50),(87134.50,10247.50),(21840.50,81549.50),(21840.50,10247.50) -> 4655865984
checking at (78496,89747)-(14147,17399) (78495.50,89746.50),(78495.50,17399.50),(14147.50,89746.50),(14147.50,17399.50) -> 4655658150
checking at (80297,87400)-(11832,19402) (80296.50,87399.50),(80296.50,19402.50),(11832.50,87399.50),(11832.50,19402.50) -> 4655619534
checking at (86514,81966)-(11068,20260) (86513.50,81965.50),(86513.50,20260.50),(11068.50,81965.50),(11068.50,20260.50) -> 4655608029
checking at (78496,89747)-(16031,15227) (78495.50,89746.50),(78495.50,15227.50),(16031.50,89746.50),(16031.50,15227.50) -> 4655028786
checking at (86514,81550)-(19572,12015) (86513.50,81549.50),(86513.50,12015.50),(19572.50,81549.50),(19572.50,12015.50) -> 4654948448
checking at (81224,86608)-(11068,20260) (81223.50,86607.50),(81223.50,20260.50),(11068.50,86607.50),(11068.50,20260.50) -> 4654846793
checking at (81914,86608)-(10731,21219) (81913.50,86607.50),(81913.50,21219.50),(10731.50,86607.50),(10731.50,21219.50) -> 4654721760
checking at (87135,81550)-(20791,11392) (87134.50,81549.50),(87134.50,11392.50),(20791.50,81549.50),(20791.50,11392.50) -> 4654698855
checking at (86514,81966)-(19572,12438) (86513.50,81965.50),(86513.50,12438.50),(19572.50,81965.50),(19572.50,12438.50) -> 4654479847
checking at (81224,86608)-(16031,15227) (81223.50,86607.50),(81223.50,15227.50),(16031.50,86607.50),(16031.50,15227.50) -> 4653678108
checking at (84879,84065)-(21840,10247) (84878.50,84064.50),(84878.50,10247.50),(21840.50,84064.50),(21840.50,10247.50) -> 4653549760
checking at (81224,86608)-(12719,18681) (81223.50,86607.50),(81223.50,18681.50),(12719.50,86607.50),(12719.50,18681.50) -> 4653475568
checking at (88919,79538)-(19572,12438) (88918.50,79537.50),(88918.50,12438.50),(19572.50,79537.50),(19572.50,12438.50) -> 4653320148
checking at (87908,80478)-(14147,17399) (87907.50,80477.50),(87907.50,17399.50),(14147.50,80477.50),(14147.50,17399.50) -> 4652906960
checking at (88919,78771)-(18782,12438) (88918.50,78770.50),(88918.50,12438.50),(18782.50,78770.50),(18782.50,12438.50) -> 4652534092
checking at (14219,82119)-(83505,14977) (83504.50,82118.50),(83504.50,14977.50),(14219.50,82118.50),(14219.50,14977.50) -> 4652137041
checking at (85154,83369)-(19572,12438) (85153.50,83368.50),(85153.50,12438.50),(19572.50,83368.50),(19572.50,12438.50) -> 4651933356
checking at (79129,89069)-(17157,14012) (79128.50,89068.50),(79128.50,14012.50),(17157.50,89068.50),(17157.50,14012.50) -> 4651569434
checking at (87135,80478)-(17157,14012) (87134.50,80477.50),(87134.50,14012.50),(17157.50,80477.50),(17157.50,14012.50) -> 4651294193
checking at (84879,83369)-(16031,15813) (84878.50,83368.50),(84878.50,15813.50),(16031.50,83368.50),(16031.50,15813.50) -> 4651231893
checking at (81224,86608)-(17157,14012) (81223.50,86607.50),(81223.50,14012.50),(17157.50,86607.50),(17157.50,14012.50) -> 4651144596
checking at (89515,78771)-(17695,14012) (89514.50,78770.50),(89514.50,14012.50),(17695.50,78770.50),(17695.50,14012.50) -> 4651127960
checking at (81224,86608)-(17695,13399) (81223.50,86607.50),(81223.50,13399.50),(17695.50,86607.50),(17695.50,13399.50) -> 4651031300
checking at (87135,80478)-(18782,12438) (87134.50,80477.50),(87134.50,12438.50),(18782.50,80477.50),(18782.50,12438.50) -> 4650874514
checking at (83848,84065)-(12719,18681) (83847.50,84064.50),(83847.50,18681.50),(12719.50,84064.50),(12719.50,18681.50) -> 4650835050
checking at (84879,84065)-(13753,18681) (84878.50,84064.50),(84878.50,18681.50),(13753.50,84064.50),(13753.50,18681.50) -> 4650638895
checking at (81914,86608)-(12719,19402) (81913.50,86607.50),(81913.50,19402.50),(12719.50,86607.50),(12719.50,19402.50) -> 4650455572
checking at (81914,86608)-(19572,12015) (81913.50,86607.50),(81913.50,12015.50),(19572.50,86607.50),(19572.50,12015.50) -> 4650413742
checking at (80297,87400)-(15341,15813) (80296.50,87399.50),(80296.50,15813.50),(15341.50,87399.50),(15341.50,15813.50) -> 4650141716
checking at (81914,86608)-(11832,20260) (81913.50,86607.50),(81913.50,20260.50),(11832.50,86607.50),(11832.50,20260.50) -> 4649936967
checking at (89515,78771)-(13753,17399) (89514.50,78770.50),(89514.50,17399.50),(13753.50,78770.50),(13753.50,17399.50) -> 4649802599
checking at (87908,80478)-(19572,12438) (87907.50,80477.50),(87907.50,12438.50),(19572.50,80477.50),(19572.50,12438.50) -> 4649717817
checking at (79129,89069)-(17695,13399) (79128.50,89068.50),(79128.50,13399.50),(17695.50,89068.50),(17695.50,13399.50) -> 4648847885
checking at (81224,87400)-(15341,16842) (81223.50,87399.50),(81223.50,16842.50),(15341.50,87399.50),(15341.50,16842.50) -> 4648709156
checking at (80297,87400)-(11068,20260) (80296.50,87399.50),(80296.50,20260.50),(11068.50,87399.50),(11068.50,20260.50) -> 4648171430
checking at (88919,79538)-(21840,10247) (88918.50,79537.50),(88918.50,10247.50),(21840.50,79537.50),(21840.50,10247.50) -> 4648107360
checking at (87908,80478)-(16031,15813) (87907.50,80477.50),(87907.50,15813.50),(16031.50,80477.50),(16031.50,15813.50) -> 4648062748
checking at (86514,81550)-(17695,14012) (86513.50,81549.50),(86513.50,14012.50),(17695.50,81549.50),(17695.50,14012.50) -> 4648033980
checking at (78496,89069)-(14147,16842) (78495.50,89068.50),(78495.50,16842.50),(14147.50,89068.50),(14147.50,16842.50) -> 4647871800
checking at (81224,87400)-(19572,12015) (81223.50,87399.50),(81223.50,12015.50),(19572.50,87399.50),(19572.50,12015.50) -> 4647773058
checking at (14768,83275)-(84036,16181) (84035.50,83274.50),(84035.50,16181.50),(14768.50,83274.50),(14768.50,16181.50) -> 4647603555
checking at (88919,78771)-(17157,14012) (88918.50,78770.50),(88918.50,14012.50),(17157.50,78770.50),(17157.50,14012.50) -> 4647371880
checking at (15983,83798)-(83505,14977) (83504.50,83797.50),(83504.50,14977.50),(15983.50,83797.50),(15983.50,14977.50) -> 4647067906
checking at (90131,77691)-(17157,14012) (90130.50,77690.50),(90130.50,14012.50),(17157.50,77690.50),(17157.50,14012.50) -> 4647048000
checking at (83848,84065)-(14147,17399) (83847.50,84064.50),(83847.50,17399.50),(14147.50,84064.50),(14147.50,17399.50) -> 4646823234
checking at (87908,80478)-(12719,18681) (87907.50,80477.50),(87907.50,18681.50),(12719.50,80477.50),(12719.50,18681.50) -> 4646591620
checking at (87908,80478)-(11832,19402) (87907.50,80477.50),(87907.50,19402.50),(11832.50,80477.50),(11832.50,19402.50) -> 4646554929
checking at (88919,79538)-(14147,17399) (88918.50,79537.50),(88918.50,17399.50),(14147.50,79537.50),(14147.50,17399.50) -> 4646394220
checking at (82633,85553)-(17695,14012) (82632.50,85552.50),(82632.50,14012.50),(17695.50,85552.50),(17695.50,14012.50) -> 4645865938
checking at (87135,81550)-(15341,16842) (87134.50,81549.50),(87134.50,16842.50),(15341.50,81549.50),(15341.50,16842.50) -> 4645782655
checking at (13385,81229)-(83505,14977) (83504.50,81228.50),(83504.50,14977.50),(13385.50,81228.50),(13385.50,14977.50) -> 4645726613
checking at (78496,89747)-(17157,14012) (78495.50,89746.50),(78495.50,14012.50),(17157.50,89746.50),(17157.50,14012.50) -> 4645646240
checking at (81914,85553)-(13753,17399) (81913.50,85552.50),(81913.50,17399.50),(13753.50,85552.50),(13753.50,17399.50) -> 4645581110
checking at (82633,85553)-(16031,15813) (82632.50,85552.50),(82632.50,15813.50),(16031.50,85552.50),(16031.50,15813.50) -> 4644959823
checking at (88919,79538)-(16031,15813) (88918.50,79537.50),(88918.50,15813.50),(16031.50,79537.50),(16031.50,15813.50) -> 4644924414
checking at (87135,80478)-(14147,16842) (87134.50,80477.50),(87134.50,16842.50),(14147.50,80477.50),(14147.50,16842.50) -> 4644800993
checking at (81914,86608)-(15341,16842) (81913.50,86607.50),(81913.50,16842.50),(15341.50,86607.50),(15341.50,16842.50) -> 4644668258
checking at (85154,83369)-(15341,16842) (85153.50,83368.50),(85153.50,16842.50),(15341.50,83368.50),(15341.50,16842.50) -> 4644585792
checking at (78496,89069)-(11832,19402) (78495.50,89068.50),(78495.50,19402.50),(11832.50,89068.50),(11832.50,19402.50) -> 4644417220
checking at (86514,81966)-(18782,13399) (86513.50,81965.50),(86513.50,13399.50),(18782.50,81965.50),(18782.50,13399.50) -> 4644316344
checking at (85154,83369)-(18782,13399) (85153.50,83368.50),(85153.50,13399.50),(18782.50,83368.50),(18782.50,13399.50) -> 4644185183
checking at (80297,87400)-(12719,18681) (80296.50,87399.50),(80296.50,18681.50),(12719.50,87399.50),(12719.50,18681.50) -> 4644028880
checking at (87908,79538)-(17695,13399) (87907.50,79537.50),(87907.50,13399.50),(17695.50,79537.50),(17695.50,13399.50) -> 4643953960
checking at (78496,89747)-(10731,21219) (78495.50,89746.50),(78495.50,21219.50),(10731.50,89746.50),(10731.50,21219.50) -> 4643936214
checking at (83848,84065)-(11068,20260) (83847.50,84064.50),(83847.50,20260.50),(11068.50,84064.50),(11068.50,20260.50) -> 4643864486
checking at (81224,87400)-(11068,21219) (81223.50,87399.50),(81223.50,21219.50),(11068.50,87399.50),(11068.50,21219.50) -> 4643130574
checking at (81914,85553)-(15341,15813) (81913.50,85552.50),(81913.50,15813.50),(15341.50,85552.50),(15341.50,15813.50) -> 4642937334
checking at (88919,79538)-(20791,11392) (88918.50,79537.50),(88918.50,11392.50),(20791.50,79537.50),(20791.50,11392.50) -> 4642786963
checking at (87135,80478)-(15341,15813) (87134.50,80477.50),(87134.50,15813.50),(15341.50,80477.50),(15341.50,15813.50) -> 4642695470
checking at (86514,81550)-(14147,17399) (86513.50,81549.50),(86513.50,17399.50),(14147.50,81549.50),(14147.50,17399.50) -> 4642551936
checking at (81224,86608)-(14147,17399) (81223.50,86607.50),(81223.50,17399.50),(14147.50,86607.50),(14147.50,17399.50) -> 4642468380
checking at (78496,89747)-(17695,13399) (78495.50,89746.50),(78495.50,13399.50),(17695.50,89746.50),(17695.50,13399.50) -> 4642171898
checking at (86514,81550)-(11832,19402) (86513.50,81549.50),(86513.50,19402.50),(11832.50,81549.50),(11832.50,19402.50) -> 4641473767
checking at (87135,81550)-(17157,15227) (87134.50,81549.50),(87134.50,15227.50),(17157.50,81549.50),(17157.50,15227.50) -> 4641287196
checking at (80297,87882)-(18782,12438) (80296.50,87881.50),(80296.50,12438.50),(18782.50,87881.50),(18782.50,12438.50) -> 4641074620
checking at (79129,89069)-(10731,21219) (79128.50,89068.50),(79128.50,21219.50),(10731.50,89068.50),(10731.50,21219.50) -> 4640940549
checking at (78496,89069)-(13753,17399) (78495.50,89068.50),(78495.50,17399.50),(13753.50,89068.50),(13753.50,17399.50) -> 4640267224
checking at (12529,80353)-(83505,14977) (83504.50,80352.50),(83504.50,14977.50),(12529.50,80352.50),(12529.50,14977.50) -> 4640263329
checking at (87908,80478)-(21840,10247) (87907.50,80477.50),(87907.50,10247.50),(21840.50,80477.50),(21840.50,10247.50) -> 4640158008
checking at (78496,89069)-(11068,20260) (78495.50,89068.50),(78495.50,20260.50),(11068.50,89068.50),(11068.50,20260.50) -> 4639789490
checking at (87135,80478)-(16031,15227) (87134.50,80477.50),(87134.50,15227.50),(16031.50,80477.50),(16031.50,15227.50) -> 4639743460
checking at (89515,78771)-(19572,12438) (89514.50,78770.50),(89514.50,12438.50),(19572.50,78770.50),(19572.50,12438.50) -> 4639665296
checking at (86514,81550)-(12719,18681) (86513.50,81549.50),(86513.50,18681.50),(12719.50,81549.50),(12719.50,18681.50) -> 4639554520
checking at (88919,79538)-(18782,13399) (88918.50,79537.50),(88918.50,13399.50),(18782.50,79537.50),(18782.50,13399.50) -> 4638927320
checking at (84879,84065)-(11068,21219) (84878.50,84064.50),(84878.50,21219.50),(11068.50,84064.50),(11068.50,21219.50) -> 4638862764
checking at (83848,84550)-(15341,16842) (83847.50,84549.50),(83847.50,16842.50),(15341.50,84549.50),(15341.50,16842.50) -> 4638608172
checking at (86514,81966)-(21840,10247) (86513.50,81965.50),(86513.50,10247.50),(21840.50,81965.50),(21840.50,10247.50) -> 4638491000
checking at (87908,79538)-(18782,12438) (87907.50,79537.50),(87907.50,12438.50),(18782.50,79537.50),(18782.50,12438.50) -> 4638490827
checking at (86514,81966)-(20791,11392) (86513.50,81965.50),(86513.50,11392.50),(20791.50,81965.50),(20791.50,11392.50) -> 4638471300
checking at (80297,87400)-(16031,15227) (80296.50,87399.50),(80296.50,15227.50),(16031.50,87399.50),(16031.50,15227.50) -> 4638406458
checking at (80297,87882)-(10731,21219) (80296.50,87881.50),(80296.50,21219.50),(10731.50,87881.50),(10731.50,21219.50) -> 4637614488
checking at (82633,85553)-(19572,12015) (82632.50,85552.50),(82632.50,12015.50),(19572.50,85552.50),(19572.50,12015.50) -> 4637516418
checking at (89515,78771)-(21840,10247) (89514.50,78770.50),(89514.50,10247.50),(21840.50,78770.50),(21840.50,10247.50) -> 4637497900
checking at (88919,79538)-(12719,18681) (88918.50,79537.50),(88918.50,18681.50),(12719.50,79537.50),(12719.50,18681.50) -> 4637440458
checking at (82633,84550)-(14147,16842) (82632.50,84549.50),(82632.50,16842.50),(14147.50,84549.50),(14147.50,16842.50) -> 4637186283
checking at (87908,80478)-(18782,13399) (87907.50,80477.50),(87907.50,13399.50),(18782.50,80477.50),(18782.50,13399.50) -> 4637039160
checking at (87908,80478)-(20791,11392) (87907.50,80477.50),(87907.50,11392.50),(20791.50,80477.50),(20791.50,11392.50) -> 4636981266
checking at (81224,87400)-(13753,18681) (81223.50,87399.50),(81223.50,18681.50),(13753.50,87399.50),(13753.50,18681.50) -> 4636675840
checking at (14768,83275)-(87553,19578) (87552.50,83274.50),(87552.50,19578.50),(14768.50,83274.50),(14768.50,19578.50) -> 4636322628
checking at (87908,79538)-(17157,14012) (87907.50,79537.50),(87907.50,14012.50),(17157.50,79537.50),(17157.50,14012.50) -> 4636166304
checking at (81914,85553)-(11832,19402) (81913.50,85552.50),(81913.50,19402.50),(11832.50,85552.50),(11832.50,19402.50) -> 4636130616
checking at (88919,79538)-(11832,19402) (88918.50,79537.50),(88918.50,19402.50),(11832.50,79537.50),(11832.50,19402.50) -> 4635841056
checking at (83848,84550)-(19572,12438) (83847.50,84549.50),(83847.50,12438.50),(19572.50,84549.50),(19572.50,12438.50) -> 4635207301
checking at (86514,81966)-(15341,16842) (86513.50,81965.50),(86513.50,16842.50),(15341.50,81965.50),(15341.50,16842.50) -> 4635206750
checking at (83848,84065)-(17695,14012) (83847.50,84064.50),(83847.50,14012.50),(17695.50,84064.50),(17695.50,14012.50) -> 4634352316
checking at (14219,82119)-(81638,13383) (81637.50,82118.50),(81637.50,13383.50),(14219.50,82118.50),(14219.50,13383.50) -> 4634248540
checking at (90131,77691)-(19572,12015) (90130.50,77690.50),(90130.50,12015.50),(19572.50,77690.50),(19572.50,12015.50) -> 4634169120
checking at (83848,84550)-(12719,19402) (83847.50,84549.50),(83847.50,19402.50),(12719.50,84549.50),(12719.50,19402.50) -> 4634048370
checking at (80297,87400)-(17157,14012) (80296.50,87399.50),(80296.50,14012.50),(17157.50,87399.50),(17157.50,14012.50) -> 4633854849
checking at (81914,85553)-(17695,13399) (81913.50,85552.50),(81913.50,13399.50),(17695.50,85552.50),(17695.50,13399.50) -> 4633794100
checking at (85154,83369)-(17157,15227) (85153.50,83368.50),(85153.50,15227.50),(17157.50,83368.50),(17157.50,15227.50) -> 4633587714
checking at (85154,83369)-(12719,19402) (85153.50,83368.50),(85153.50,19402.50),(12719.50,83368.50),(12719.50,19402.50) -> 4633586048
checking at (86514,81550)-(16031,15813) (86513.50,81549.50),(86513.50,15813.50),(16031.50,81549.50),(16031.50,15813.50) -> 4633477192
checking at (81914,85553)-(16031,15227) (81913.50,85552.50),(81913.50,15227.50),(16031.50,85552.50),(16031.50,15227.50) -> 4633424068
checking at (81914,85553)-(17157,14012) (81913.50,85552.50),(81913.50,14012.50),(17157.50,85552.50),(17157.50,14012.50) -> 4632916836
checking at (85154,83369)-(20791,11392) (85153.50,83368.50),(85153.50,11392.50),(20791.50,83368.50),(20791.50,11392.50) -> 4632791992
checking at (80297,87400)-(17695,13399) (80296.50,87399.50),(80296.50,13399.50),(17695.50,87399.50),(17695.50,13399.50) -> 4632747206
checking at (81914,86608)-(11068,21219) (81913.50,86607.50),(81913.50,21219.50),(11068.50,86607.50),(11068.50,21219.50) -> 4632685330
checking at (14768,83275)-(80515,12818) (80514.50,83274.50),(80514.50,12818.50),(14768.50,83274.50),(14768.50,12818.50) -> 4632472584
checking at (88919,78771)-(15341,15813) (88918.50,78770.50),(88918.50,15813.50),(15341.50,78770.50),(15341.50,15813.50) -> 4632460261
checking at (84879,83369)-(19572,12438) (84878.50,83368.50),(84878.50,12438.50),(19572.50,83368.50),(19572.50,12438.50) -> 4632427056
checking at (78496,89747)-(11832,20260) (78495.50,89746.50),(78495.50,20260.50),(11832.50,89746.50),(11832.50,20260.50) -> 4632417520
checking at (88919,78771)-(16031,15227) (88918.50,78770.50),(88918.50,15227.50),(16031.50,78770.50),(16031.50,15227.50) -> 4631731505
checking at (80297,87882)-(16031,15813) (80296.50,87881.50),(80296.50,15813.50),(16031.50,87881.50),(16031.50,15813.50) -> 4631722690
checking at (81224,86608)-(18782,12438) (81223.50,86607.50),(81223.50,12438.50),(18782.50,86607.50),(18782.50,12438.50) -> 4631459753
checking at (14768,83275)-(82196,14591) (82195.50,83274.50),(82195.50,14591.50),(14768.50,83274.50),(14768.50,14591.50) -> 4631360865
checking at (83848,84065)-(19572,12015) (83847.50,84064.50),(83847.50,12015.50),(19572.50,84064.50),(19572.50,12015.50) -> 4631222127
checking at (13385,81229)-(81638,13383) (81637.50,81228.50),(81637.50,13383.50),(13385.50,81228.50),(13385.50,13383.50) -> 4630829138
checking at (79129,89069)-(11832,20260) (79128.50,89068.50),(79128.50,20260.50),(11832.50,89068.50),(11832.50,20260.50) -> 4630775380
checking at (83848,84550)-(10731,21219) (83847.50,84549.50),(83847.50,21219.50),(10731.50,84549.50),(10731.50,21219.50) -> 4630709176
checking at (80297,87400)-(14147,17399) (80296.50,87399.50),(80296.50,17399.50),(14147.50,87399.50),(14147.50,17399.50) -> 4630702302
checking at (88919,78771)-(14147,16842) (88918.50,78770.50),(88918.50,16842.50),(14147.50,78770.50),(14147.50,16842.50) -> 4630691890
checking at (89515,78771)-(20791,11392) (89514.50,78770.50),(89514.50,11392.50),(20791.50,78770.50),(20791.50,11392.50) -> 4630690500
checking at (15983,83798)-(85122,16826) (85121.50,83797.50),(85121.50,16826.50),(15983.50,83797.50),(15983.50,16826.50) -> 4630513220
checking at (81914,86608)-(13753,18681) (81913.50,86607.50),(81913.50,18681.50),(13753.50,86607.50),(13753.50,18681.50) -> 4630108336
checking at (78496,89069)-(12719,18681) (78495.50,89068.50),(78495.50,18681.50),(12719.50,89068.50),(12719.50,18681.50) -> 4630047642
checking at (83848,84550)-(11832,20260) (83847.50,84549.50),(83847.50,20260.50),(11832.50,84549.50),(11832.50,20260.50) -> 4630044947
checking at (80297,87882)-(11832,20260) (80296.50,87881.50),(80296.50,20260.50),(11832.50,87881.50),(11832.50,20260.50) -> 4629876318
checking at (85154,83369)-(21840,10247) (85153.50,83368.50),(85153.50,10247.50),(21840.50,83368.50),(21840.50,10247.50) -> 4629782745
checking at (14768,83275)-(85670,17980) (85669.50,83274.50),(85669.50,17980.50),(14768.50,83274.50),(14768.50,17980.50) -> 4629682288
checking at (83848,84550)-(18782,13399) (83847.50,84549.50),(83847.50,13399.50),(18782.50,84549.50),(18782.50,13399.50) -> 4629647184
checking at (14219,82119)-(85122,16826) (85121.50,82118.50),(85121.50,16826.50),(14219.50,82118.50),(14219.50,16826.50) -> 4629605776
checking at (88919,78771)-(19572,12015) (88918.50,78770.50),(88918.50,12015.50),(19572.50,78770.50),(19572.50,12015.50) -> 4629464436
checking at (87135,80478)-(13753,17399) (87134.50,80477.50),(87134.50,17399.50),(13753.50,80477.50),(13753.50,17399.50) -> 4628999640
checking at (86514,81966)-(17157,15227) (86513.50,81965.50),(86513.50,15227.50),(17157.50,81965.50),(17157.50,15227.50) -> 4628952920
checking at (83848,84065)-(16031,15813) (83847.50,84064.50),(83847.50,15813.50),(16031.50,84064.50),(16031.50,15813.50) -> 4628781954
checking at (90131,77691)-(16031,15227) (90130.50,77690.50),(90130.50,15227.50),(16031.50,77690.50),(16031.50,15227.50) -> 4628718965
checking at (12529,80353)-(81638,13383) (81637.50,80352.50),(81637.50,13383.50),(12529.50,80352.50),(12529.50,13383.50) -> 4628365810
checking at (90131,77691)-(15341,15813) (90130.50,77690.50),(90130.50,15813.50),(15341.50,77690.50),(15341.50,15813.50) -> 4627992289
checking at (80297,87882)-(12719,19402) (80296.50,87881.50),(80296.50,19402.50),(12719.50,87881.50),(12719.50,19402.50) -> 4627877499
checking at (16968,84526)-(83505,14977) (83504.50,84525.50),(83504.50,14977.50),(16968.50,84525.50),(16968.50,14977.50) -> 4627717900
checking at (85154,83369)-(11832,20260) (85153.50,83368.50),(85153.50,20260.50),(11832.50,83368.50),(11832.50,20260.50) -> 4627414530
checking at (81914,85553)-(12719,18681) (81913.50,85552.50),(81913.50,18681.50),(12719.50,85552.50),(12719.50,18681.50) -> 4627344108
checking at (87908,80478)-(11068,20260) (87907.50,80477.50),(87907.50,20260.50),(11068.50,80477.50),(11068.50,20260.50) -> 4627288179
checking at (78496,89747)-(12719,19402) (78495.50,89746.50),(78495.50,19402.50),(12719.50,89746.50),(12719.50,19402.50) -> 4627219188
checking at (79129,89069)-(12719,19402) (79128.50,89068.50),(79128.50,19402.50),(12719.50,89068.50),(12719.50,19402.50) -> 4626721548
checking at (86514,81550)-(19572,12438) (86513.50,81549.50),(86513.50,12438.50),(19572.50,81549.50),(19572.50,12438.50) -> 4626631559
checking at (78496,89069)-(15341,15813) (78495.50,89068.50),(78495.50,15813.50),(15341.50,89068.50),(15341.50,15813.50) -> 4626619092
checking at (89515,78771)-(16031,15813) (89514.50,78770.50),(89514.50,15813.50),(16031.50,78770.50),(16031.50,15813.50) -> 4626542115
checking at (84879,83369)-(15341,16842) (84878.50,83368.50),(84878.50,16842.50),(15341.50,83368.50),(15341.50,16842.50) -> 4626290592
checking at (81914,85553)-(11068,20260) (81913.50,85552.50),(81913.50,20260.50),(11068.50,85552.50),(11068.50,20260.50) -> 4625884018
checking at (82633,85553)-(10731,21219) (82632.50,85552.50),(82632.50,21219.50),(10731.50,85552.50),(10731.50,21219.50) -> 4625879505
checking at (87135,80478)-(19572,12015) (87134.50,80477.50),(87134.50,12015.50),(19572.50,80477.50),(19572.50,12015.50) -> 4625701696
checking at (89515,78771)-(14147,17399) (89514.50,78770.50),(89514.50,17399.50),(14147.50,78770.50),(14147.50,17399.50) -> 4625621637
checking at (85154,81966)-(17695,13399) (85153.50,81965.50),(85153.50,13399.50),(17695.50,81965.50),(17695.50,13399.50) -> 4625597280
checking at (82633,84550)-(15341,15813) (82632.50,84549.50),(82632.50,15813.50),(15341.50,84549.50),(15341.50,15813.50) -> 4625586234
checking at (85154,83369)-(10731,21219) (85153.50,83368.50),(85153.50,21219.50),(10731.50,83368.50),(10731.50,21219.50) -> 4625526024
checking at (82633,84550)-(13753,17399) (82632.50,84549.50),(82632.50,17399.50),(13753.50,84549.50),(13753.50,17399.50) -> 4625496912
checking at (82633,85553)-(12719,19402) (82632.50,85552.50),(82632.50,19402.50),(12719.50,85552.50),(12719.50,19402.50) -> 4625017080
checking at (84879,83369)-(18782,13399) (84878.50,83368.50),(84878.50,13399.50),(18782.50,83368.50),(18782.50,13399.50) -> 4624943158
checking at (87135,81550)-(12719,19402) (87134.50,81549.50),(87134.50,19402.50),(12719.50,81549.50),(12719.50,19402.50) -> 4624942133
checking at (87908,79538)-(14147,16842) (87907.50,79537.50),(87907.50,16842.50),(14147.50,79537.50),(14147.50,16842.50) -> 4624656114
checking at (79129,89069)-(18782,12438) (79128.50,89068.50),(79128.50,12438.50),(18782.50,89068.50),(18782.50,12438.50) -> 4624587936
checking at (80297,87882)-(17695,14012) (80296.50,87881.50),(80296.50,14012.50),(17695.50,87881.50),(17695.50,14012.50) -> 4624546213
checking at (87908,79538)-(15341,15813) (87907.50,79537.50),(87907.50,15813.50),(15341.50,79537.50),(15341.50,15813.50) -> 4624468368
checking at (85154,81966)-(14147,16842) (85153.50,81965.50),(85153.50,16842.50),(14147.50,81965.50),(14147.50,16842.50) -> 4624396000
checking at (86514,81550)-(11068,20260) (86513.50,81549.50),(86513.50,20260.50),(11068.50,81549.50),(11068.50,20260.50) -> 4624222077
checking at (89515,78771)-(18782,13399) (89514.50,78770.50),(89514.50,13399.50),(18782.50,78770.50),(18782.50,13399.50) -> 4624093782
checking at (81224,87400)-(17157,15227) (81223.50,87399.50),(81223.50,15227.50),(17157.50,87399.50),(17157.50,15227.50) -> 4624043832
checking at (81914,86608)-(19572,12438) (81913.50,86607.50),(81913.50,12438.50),(19572.50,86607.50),(19572.50,12438.50) -> 4624042653
checking at (82633,85553)-(15341,16842) (82632.50,85552.50),(82632.50,16842.50),(15341.50,85552.50),(15341.50,16842.50) -> 4623836616
checking at (90131,77691)-(14147,16842) (90130.50,77690.50),(90130.50,16842.50),(14147.50,77690.50),(14147.50,16842.50) -> 4623687250
checking at (83848,84550)-(17157,15227) (83847.50,84549.50),(83847.50,15227.50),(17157.50,84549.50),(17157.50,15227.50) -> 4623356208
checking at (15983,83798)-(81638,13383) (81637.50,83797.50),(81637.50,13383.50),(15983.50,83797.50),(15983.50,13383.50) -> 4623232896
checking at (82633,85553)-(11832,20260) (82632.50,85552.50),(82632.50,20260.50),(11832.50,85552.50),(11832.50,20260.50) -> 4622945788
checking at (87135,81550)-(22519,10010) (87134.50,81549.50),(87134.50,10010.50),(22519.50,81549.50),(22519.50,10010.50) -> 4622764797
checking at (87908,79538)-(16031,15227) (87907.50,79537.50),(87907.50,15227.50),(16031.50,79537.50),(16031.50,15227.50) -> 4622617936
checking at (81914,86608)-(17157,15227) (81913.50,86607.50),(81913.50,15227.50),(17157.50,86607.50),(17157.50,15227.50) -> 4622555556
checking at (79129,89069)-(16031,15813) (79128.50,89068.50),(79128.50,15813.50),(16031.50,89068.50),(16031.50,15813.50) -> 4622443443
checking at (81914,86608)-(18782,13399) (81913.50,86607.50),(81913.50,13399.50),(18782.50,86607.50),(18782.50,13399.50) -> 4621966930
checking at (81224,87400)-(19572,12438) (81223.50,87399.50),(81223.50,12438.50),(19572.50,87399.50),(19572.50,12438.50) -> 4621693839
checking at (81224,87400)-(18782,13399) (81223.50,87399.50),(81223.50,13399.50),(18782.50,87399.50),(18782.50,13399.50) -> 4620906886
checking at (78496,89747)-(11068,21219) (78495.50,89746.50),(78495.50,21219.50),(11068.50,89746.50),(11068.50,21219.50) -> 4620841941
checking at (77476,89792)-(11832,19402) (77475.50,89791.50),(77475.50,19402.50),(11832.50,89791.50),(11832.50,19402.50) -> 4620817195
checking at (85154,81966)-(17157,14012) (85153.50,81965.50),(85153.50,14012.50),(17157.50,81965.50),(17157.50,14012.50) -> 4620804090
checking at (82633,84550)-(17695,13399) (82632.50,84549.50),(82632.50,13399.50),(17695.50,84549.50),(17695.50,13399.50) -> 4620539728
checking at (13385,81229)-(85122,16826) (85121.50,81228.50),(85121.50,16826.50),(13385.50,81228.50),(13385.50,16826.50) -> 4620214152
checking at (77476,89792)-(14147,16842) (77475.50,89791.50),(77475.50,16842.50),(14147.50,89791.50),(14147.50,16842.50) -> 4619986830
checking at (85154,83369)-(13753,18681) (85153.50,83368.50),(85153.50,18681.50),(13753.50,83368.50),(13753.50,18681.50) -> 4618923978
checking at (81914,85553)-(14147,17399) (81913.50,85552.50),(81913.50,17399.50),(14147.50,85552.50),(14147.50,17399.50) -> 4618728040
checking at (82633,84550)-(17157,14012) (82632.50,84549.50),(82632.50,14012.50),(17157.50,84549.50),(17157.50,14012.50) -> 4618682103
checking at (85154,81966)-(15341,15813) (85153.50,81965.50),(85153.50,15813.50),(15341.50,81965.50),(15341.50,15813.50) -> 4618475356
checking at (78496,89747)-(16031,15813) (78495.50,89746.50),(78495.50,15813.50),(16031.50,89746.50),(16031.50,15813.50) -> 4618423710
checking at (84879,84065)-(22519,10010) (84878.50,84064.50),(84878.50,10010.50),(22519.50,84064.50),(22519.50,10010.50) -> 4618206216
checking at (79129,89069)-(11068,21219) (79128.50,89068.50),(79128.50,21219.50),(11068.50,89068.50),(11068.50,21219.50) -> 4618074762
checking at (87908,80478)-(15341,16842) (87907.50,80477.50),(87907.50,16842.50),(15341.50,80477.50),(15341.50,16842.50) -> 4618009816
checking at (77476,89747)-(11832,19402) (77475.50,89746.50),(77475.50,19402.50),(11832.50,89746.50),(11832.50,19402.50) -> 4617863170
checking at (84879,84065)-(20791,12015) (84878.50,84064.50),(84878.50,12015.50),(20791.50,84064.50),(20791.50,12015.50) -> 4617676539
checking at (77476,89792)-(11068,20260) (77475.50,89791.50),(77475.50,20260.50),(11068.50,89791.50),(11068.50,20260.50) -> 4617616997
checking at (89515,77691)-(17695,13399) (89514.50,77690.50),(89514.50,13399.50),(17695.50,77690.50),(17695.50,13399.50) -> 4617587553
checking at (83848,84550)-(13753,18681) (83847.50,84549.50),(83847.50,18681.50),(13753.50,84549.50),(13753.50,18681.50) -> 4617223520
checking at (82633,84550)-(16031,15227) (82632.50,84549.50),(82632.50,15227.50),(16031.50,84549.50),(16031.50,15227.50) -> 4617186372
checking at (77476,89747)-(14147,16842) (77475.50,89746.50),(77475.50,16842.50),(14147.50,89746.50),(14147.50,16842.50) -> 4617136980
checking at (86514,81966)-(12719,19402) (86513.50,81965.50),(86513.50,19402.50),(12719.50,81965.50),(12719.50,19402.50) -> 4617046740
checking at (88919,79538)-(22519,10010) (88918.50,79537.50),(88918.50,10010.50),(22519.50,79537.50),(22519.50,10010.50) -> 4616795129
checking at (87908,80478)-(17157,15227) (87907.50,80477.50),(87907.50,15227.50),(17157.50,80477.50),(17157.50,15227.50) -> 4616709504
checking at (78496,89747)-(18782,12438) (78495.50,89746.50),(78495.50,12438.50),(18782.50,89746.50),(18782.50,12438.50) -> 4616566650
checking at (79129,87882)-(14147,16842) (79128.50,87881.50),(79128.50,16842.50),(14147.50,87881.50),(14147.50,16842.50) -> 4616457303
checking at (86514,81550)-(18782,13399) (86513.50,81549.50),(86513.50,13399.50),(18782.50,81549.50),(18782.50,13399.50) -> 4616139416
checking at (81914,85553)-(18782,12438) (81913.50,85552.50),(81913.50,12438.50),(18782.50,85552.50),(18782.50,12438.50) -> 4616032428
checking at (81224,87400)-(10122,22481) (81223.50,87399.50),(81223.50,22481.50),(10122.50,87399.50),(10122.50,22481.50) -> 4616006760
checking at (84879,83369)-(12719,19402) (84878.50,83368.50),(84878.50,19402.50),(12719.50,83368.50),(12719.50,19402.50) -> 4615994848
checking at (89515,77691)-(18782,12438) (89514.50,77690.50),(89514.50,12438.50),(18782.50,77690.50),(18782.50,12438.50) -> 4615676436
checking at (87135,80478)-(17695,14012) (87134.50,80477.50),(87134.50,14012.50),(17695.50,80477.50),(17695.50,14012.50) -> 4615534947
checking at (81224,86608)-(16031,15813) (81223.50,86607.50),(81223.50,15813.50),(16031.50,86607.50),(16031.50,15813.50) -> 4615474424
checking at (87135,81550)-(11832,20260) (87134.50,81549.50),(87134.50,20260.50),(11832.50,81549.50),(11832.50,20260.50) -> 4615457464
checking at (14768,82119)-(83505,14977) (83504.50,82118.50),(83504.50,14977.50),(14768.50,82118.50),(14768.50,14977.50) -> 4615275534
checking at (88919,79538)-(17157,15227) (88918.50,79537.50),(88918.50,15227.50),(17157.50,79537.50),(17157.50,15227.50) -> 4615222056
checking at (80297,87882)-(11068,21219) (80296.50,87881.50),(80296.50,21219.50),(11068.50,87881.50),(11068.50,21219.50) -> 4615148720
checking at (88919,79538)-(11068,20260) (88918.50,79537.50),(88918.50,20260.50),(11068.50,79537.50),(11068.50,20260.50) -> 4614988708
checking at (84879,83369)-(17157,15227) (84878.50,83368.50),(84878.50,15227.50),(17157.50,83368.50),(17157.50,15227.50) -> 4614848389
checking at (85154,81966)-(18782,12438) (85153.50,81965.50),(85153.50,12438.50),(18782.50,81965.50),(18782.50,12438.50) -> 4614848317
checking at (89515,78771)-(12719,18681) (89514.50,78770.50),(89514.50,18681.50),(12719.50,78770.50),(12719.50,18681.50) -> 4614808527
checking at (90666,76633)-(18782,12438) (90665.50,76632.50),(90665.50,12438.50),(18782.50,76632.50),(18782.50,12438.50) -> 4614729460
checking at (77476,89747)-(11068,20260) (77475.50,89746.50),(77475.50,20260.50),(11068.50,89746.50),(11068.50,20260.50) -> 4614628592
checking at (80297,87882)-(15341,16842) (80296.50,87881.50),(80296.50,16842.50),(15341.50,87881.50),(15341.50,16842.50) -> 4614610237
checking at (87908,79538)-(19572,12015) (87907.50,79537.50),(87907.50,12015.50),(19572.50,79537.50),(19572.50,12015.50) -> 4614387588
checking at (90666,76633)-(17695,13399) (90665.50,76632.50),(90665.50,13399.50),(17695.50,76632.50),(17695.50,13399.50) -> 4614384420
checking at (16968,84526)-(85122,16826) (85121.50,84525.50),(85121.50,16826.50),(16968.50,84525.50),(16968.50,16826.50) -> 4614161655
checking at (87135,81550)-(13753,18681) (87134.50,81549.50),(87134.50,18681.50),(13753.50,81549.50),(13753.50,18681.50) -> 4613589210
checking at (87135,81550)-(20791,12015) (87134.50,81549.50),(87134.50,12015.50),(20791.50,81549.50),(20791.50,12015.50) -> 4613365920
checking at (85154,81966)-(16031,15227) (85153.50,81965.50),(85153.50,15227.50),(16031.50,81965.50),(16031.50,15227.50) -> 4613335760
checking at (83848,84550)-(20791,11392) (83847.50,84549.50),(83847.50,11392.50),(20791.50,84549.50),(20791.50,11392.50) -> 4613260222
checking at (77476,89792)-(13753,17399) (77475.50,89791.50),(77475.50,17399.50),(13753.50,89791.50),(13753.50,17399.50) -> 4613235256
checking at (88919,78771)-(13753,17399) (88918.50,78770.50),(88918.50,17399.50),(13753.50,78770.50),(13753.50,17399.50) -> 4613224291
checking at (88919,79538)-(15341,16842) (88918.50,79537.50),(88918.50,16842.50),(15341.50,79537.50),(15341.50,16842.50) -> 4613182563
checking at (84879,83369)-(20791,11392) (84878.50,83368.50),(84878.50,11392.50),(20791.50,83368.50),(20791.50,11392.50) -> 4612998042
checking at (90131,77691)-(17695,14012) (90130.50,77690.50),(90130.50,14012.50),(17695.50,77690.50),(17695.50,14012.50) -> 4612788160
checking at (82633,84550)-(11832,19402) (82632.50,84549.50),(82632.50,19402.50),(11832.50,84549.50),(11832.50,19402.50) -> 4612679498
checking at (78496,89069)-(16031,15227) (78495.50,89068.50),(78495.50,15227.50),(16031.50,89068.50),(16031.50,15227.50) -> 4612676838
checking at (88919,78771)-(17695,14012) (88918.50,78770.50),(88918.50,14012.50),(17695.50,78770.50),(17695.50,14012.50) -> 4612531000
checking at (89515,78771)-(11832,19402) (89514.50,78770.50),(89514.50,19402.50),(11832.50,78770.50),(11832.50,19402.50) -> 4612099080
checking at (81224,86608)-(17695,14012) (81223.50,86607.50),(81223.50,14012.50),(17695.50,86607.50),(17695.50,14012.50) -> 4612087410
checking at (78496,89069)-(14147,17399) (78495.50,89068.50),(78495.50,17399.50),(14147.50,89068.50),(14147.50,17399.50) -> 4612028850
checking at (14768,83275)-(83505,16181) (83504.50,83274.50),(83504.50,16181.50),(14768.50,83274.50),(14768.50,16181.50) -> 4611976110
checking at (15983,83275)-(83505,14977) (83504.50,83274.50),(83504.50,14977.50),(15983.50,83274.50),(15983.50,14977.50) -> 4611753377
checking at (12529,80353)-(85122,16826) (85121.50,80352.50),(85121.50,16826.50),(12529.50,80352.50),(12529.50,16826.50) -> 4611751632
checking at (86514,81550)-(21840,10247) (86513.50,81549.50),(86513.50,10247.50),(21840.50,81549.50),(21840.50,10247.50) -> 4611586200
checking at (80297,87400)-(18782,12438) (80296.50,87399.50),(80296.50,12438.50),(18782.50,87399.50),(18782.50,12438.50) -> 4611423908
checking at (19560,87088)-(83505,14977) (83504.50,87087.50),(83504.50,14977.50),(19560.50,87087.50),(19560.50,14977.50) -> 4611273952
checking at (79129,89069)-(17695,14012) (79128.50,89068.50),(79128.50,14012.50),(17695.50,89068.50),(17695.50,14012.50) -> 4611188230
checking at (86514,81550)-(20791,11392) (86513.50,81549.50),(86513.50,11392.50),(20791.50,81549.50),(20791.50,11392.50) -> 4611130116
checking at (82633,85553)-(19572,12438) (82632.50,85552.50),(82632.50,12438.50),(19572.50,85552.50),(19572.50,12438.50) -> 4610841192
checking at (77476,89747)-(13753,17399) (77475.50,89746.50),(77475.50,17399.50),(13753.50,89746.50),(13753.50,17399.50) -> 4610367676
checking at (85154,81966)-(13753,17399) (85153.50,81965.50),(85153.50,17399.50),(13753.50,81965.50),(13753.50,17399.50) -> 4610284336
checking at (84879,83369)-(11832,20260) (84878.50,83368.50),(84878.50,20260.50),(11832.50,83368.50),(11832.50,20260.50) -> 4610059280
checking at (84879,83369)-(21840,10247) (84878.50,83368.50),(84878.50,10247.50),(21840.50,83368.50),(21840.50,10247.50) -> 4609673920
checking at (87135,81550)-(10731,21219) (87134.50,81549.50),(87134.50,21219.50),(10731.50,81549.50),(10731.50,21219.50) -> 4609666460
checking at (81224,86608)-(10731,21219) (81223.50,86607.50),(81223.50,21219.50),(10731.50,86607.50),(10731.50,21219.50) -> 4609602660
checking at (83848,84550)-(11068,21219) (83847.50,84549.50),(83847.50,21219.50),(11068.50,84549.50),(11068.50,21219.50) -> 4609366292
checking at (79129,87882)-(11832,19402) (79128.50,87881.50),(79128.50,19402.50),(11832.50,87881.50),(11832.50,19402.50) -> 4608634338
checking at (86514,81966)-(11832,20260) (86513.50,81965.50),(86513.50,20260.50),(11832.50,81965.50),(11832.50,20260.50) -> 4608463881
checking at (84879,83369)-(10731,21219) (84878.50,83368.50),(84878.50,21219.50),(10731.50,83368.50),(10731.50,21219.50) -> 4608434499
checking at (87908,79538)-(13753,17399) (87907.50,79537.50),(87907.50,17399.50),(13753.50,79537.50),(13753.50,17399.50) -> 4608053840
checking at (79129,87882)-(13753,17399) (79128.50,87881.50),(79128.50,17399.50),(13753.50,87881.50),(13753.50,17399.50) -> 4608032468
checking at (87908,80478)-(22519,10010) (87907.50,80477.50),(87907.50,10010.50),(22519.50,80477.50),(22519.50,10010.50) -> 4607967910
checking at (89515,77691)-(17157,14012) (89514.50,77690.50),(89514.50,14012.50),(17157.50,77690.50),(17157.50,14012.50) -> 4607821120
checking at (83848,84550)-(21840,10247) (83847.50,84549.50),(83847.50,10247.50),(21840.50,84549.50),(21840.50,10247.50) -> 4607516736
checking at (87135,81550)-(22519,10247) (87134.50,81549.50),(87134.50,10247.50),(22519.50,81549.50),(22519.50,10247.50) -> 4607450568
checking at (79129,89069)-(15341,16842) (79128.50,89068.50),(79128.50,16842.50),(15341.50,89068.50),(15341.50,16842.50) -> 4607351892
checking at (14768,83275)-(78686,11195) (78685.50,83274.50),(78685.50,11195.50),(14768.50,83274.50),(14768.50,11195.50) -> 4607345439
checking at (82633,85553)-(18782,13399) (82632.50,85552.50),(82632.50,13399.50),(18782.50,85552.50),(18782.50,13399.50) -> 4607241060
checking at (80297,87882)-(19572,12015) (80296.50,87881.50),(80296.50,12015.50),(19572.50,87881.50),(19572.50,12015.50) -> 4607160168
checking at (89515,78771)-(22519,10010) (89514.50,78770.50),(89514.50,10010.50),(22519.50,78770.50),(22519.50,10010.50) -> 4606847714
checking at (19560,87088)-(85122,16826) (85121.50,87087.50),(85121.50,16826.50),(19560.50,87087.50),(19560.50,16826.50) -> 4606653069
checking at (82633,85553)-(13753,18681) (82632.50,85552.50),(82632.50,18681.50),(13753.50,85552.50),(13753.50,18681.50) -> 4606279113
checking at (90131,77691)-(21840,10247) (90130.50,77690.50),(90130.50,10247.50),(21840.50,77690.50),(21840.50,10247.50) -> 4605953940
checking at (86514,81550)-(15341,16842) (86513.50,81549.50),(86513.50,16842.50),(15341.50,81549.50),(15341.50,16842.50) -> 4605598366
checking at (83848,84065)-(15341,16842) (83847.50,84064.50),(83847.50,16842.50),(15341.50,84064.50),(15341.50,16842.50) -> 4605381792
checking at (14768,83275)-(82196,14977) (82195.50,83274.50),(82195.50,14977.50),(14768.50,83274.50),(14768.50,14977.50) -> 4605333271
checking at (82633,84550)-(12719,18681) (82632.50,84549.50),(82632.50,18681.50),(12719.50,84549.50),(12719.50,18681.50) -> 4605301050
checking at (90131,77691)-(13753,17399) (90130.50,77690.50),(90130.50,17399.50),(13753.50,77690.50),(13753.50,17399.50) -> 4605119047
checking at (77476,89792)-(12719,18681) (77475.50,89791.50),(77475.50,18681.50),(12719.50,89791.50),(12719.50,18681.50) -> 4605070896
checking at (80297,87882)-(13753,18681) (80296.50,87881.50),(80296.50,18681.50),(13753.50,87881.50),(13753.50,18681.50) -> 4605047090
checking at (86514,81966)-(22519,10010) (86513.50,81965.50),(86513.50,10010.50),(22519.50,81965.50),(22519.50,10010.50) -> 4604960172
checking at (78496,89747)-(17695,14012) (78495.50,89746.50),(78495.50,14012.50),(17695.50,89746.50),(17695.50,14012.50) -> 4604900272
checking at (86514,81966)-(13753,18681) (86513.50,81965.50),(86513.50,18681.50),(13753.50,81965.50),(13753.50,18681.50) -> 4604815932
checking at (82633,85553)-(17157,15227) (82632.50,85552.50),(82632.50,15227.50),(17157.50,85552.50),(17157.50,15227.50) -> 4604800979
checking at (85154,83369)-(11068,21219) (85153.50,83368.50),(85153.50,21219.50),(11068.50,83368.50),(11068.50,21219.50) -> 4604581137
checking at (82633,84550)-(18782,12438) (82632.50,84549.50),(82632.50,12438.50),(18782.50,84549.50),(18782.50,12438.50) -> 4604559276
checking at (78496,89747)-(15341,16842) (78495.50,89746.50),(78495.50,16842.50),(15341.50,89746.50),(15341.50,16842.50) -> 4604451336
checking at (90131,77691)-(19572,12438) (90130.50,77690.50),(90130.50,12438.50),(19572.50,77690.50),(19572.50,12438.50) -> 4604322240
checking at (82633,85553)-(11068,21219) (82632.50,85552.50),(82632.50,21219.50),(11068.50,85552.50),(11068.50,21219.50) -> 4604198610
checking at (81224,86608)-(11832,20260) (81223.50,86607.50),(81223.50,20260.50),(11832.50,86607.50),(11832.50,20260.50) -> 4604156157
checking at (87135,80478)-(14147,17399) (87134.50,80477.50),(87134.50,17399.50),(14147.50,80477.50),(14147.50,17399.50) -> 4604146120
checking at (80297,87400)-(10731,21219) (80296.50,87399.50),(80296.50,21219.50),(10731.50,87399.50),(10731.50,21219.50) -> 4604083194
checking at (81224,86608)-(12719,19402) (81223.50,86607.50),(81223.50,19402.50),(12719.50,86607.50),(12719.50,19402.50) -> 4604082742
checking at (78496,89069)-(17157,14012) (78495.50,89068.50),(78495.50,14012.50),(17157.50,89068.50),(17157.50,14012.50) -> 4604057720
checking at (83848,84065)-(19572,12438) (83847.50,84064.50),(83847.50,12438.50),(19572.50,84064.50),(19572.50,12438.50) -> 4604032956
checking at (84879,84065)-(10122,22481) (84878.50,84064.50),(84878.50,22481.50),(10122.50,84064.50),(10122.50,22481.50) -> 4603971430
checking at (81914,86608)-(10122,22481) (81913.50,86607.50),(81913.50,22481.50),(10122.50,86607.50),(10122.50,22481.50) -> 4603941504
checking at (14219,82119)-(84036,16181) (84035.50,82118.50),(84035.50,16181.50),(14219.50,82118.50),(14219.50,16181.50) -> 4603729102
checking at (86514,81966)-(10731,21219) (86513.50,81965.50),(86513.50,21219.50),(10731.50,81965.50),(10731.50,21219.50) -> 4603726432
checking at (84879,84065)-(22519,10247) (84878.50,84064.50),(84878.50,10247.50),(22519.50,84064.50),(22519.50,10247.50) -> 4603426659
checking at (90666,76633)-(17157,14012) (90665.50,76632.50),(90665.50,14012.50),(17157.50,76632.50),(17157.50,14012.50) -> 4603343220
checking at (14768,83275)-(84036,16826) (84035.50,83274.50),(84035.50,16826.50),(14768.50,83274.50),(14768.50,16826.50) -> 4602925050
checking at (18800,86108)-(83505,14977) (83504.50,86107.50),(83504.50,14977.50),(18800.50,86107.50),(18800.50,14977.50) -> 4602667192
checking at (79129,87882)-(11068,20260) (79128.50,87881.50),(79128.50,20260.50),(11068.50,87881.50),(11068.50,20260.50) -> 4602556626
checking at (77476,89747)-(12719,18681) (77475.50,89746.50),(77475.50,18681.50),(12719.50,89746.50),(12719.50,18681.50) -> 4602156786
checking at (79129,89069)-(13753,18681) (79128.50,89068.50),(79128.50,18681.50),(13753.50,89068.50),(13753.50,18681.50) -> 4601821653
checking at (15983,83798)-(84036,16181) (84035.50,83797.50),(84035.50,16181.50),(15983.50,83797.50),(15983.50,16181.50) -> 4601675372
ok (15983,83798),(84036,16181)
Total sum: 4601675372
edge size: 496
find_align_pair size: 496
edge: (1643,52258)-(1643,53526)
edge: (1643,53526)-(1983,53526)
edge: (1936,50143)-(1936,51063)
edge: (1936,51063)-(2454,51063)
edge: (1943,54727)-(1943,55964)
edge: (1943,55964)-(2924,55964)
edge: (1967,47420)-(1967,48628)
edge: (1967,48628)-(94800,48628)
edge: (1983,53526)-(1983,54727)
edge: (1983,54727)-(1943,54727)
edge: (2174,46235)-(2174,47420)
edge: (2174,47420)-(1967,47420)
edge: (2439,43789)-(2439,45009)
edge: (2439,45009)-(2572,45009)
edge: (2452,40171)-(2452,41320)
edge: (2452,41320)-(2817,41320)
edge: (2454,51063)-(2454,52258)
edge: (2454,52258)-(1643,52258)
edge: (2455,42617)-(2455,43789)
edge: (2455,43789)-(2439,43789)
edge: (2572,45009)-(2572,46235)
edge: (2572,46235)-(2174,46235)
edge: (2817,41320)-(2817,42617)
edge: (2817,42617)-(2455,42617)
edge: (2924,55964)-(2924,57057)
edge: (2924,57057)-(3186,57057)
edge: (2939,59474)-(2939,60761)
edge: (2939,60761)-(3257,60761)
edge: (2941,39071)-(2941,40171)
edge: (2941,40171)-(2452,40171)
edge: (3133,58235)-(3133,59474)
edge: (3133,59474)-(2939,59474)
edge: (3186,57057)-(3186,58235)
edge: (3186,58235)-(3133,58235)
edge: (3257,60761)-(3257,61942)
edge: (3257,61942)-(4183,61942)
edge: (3579,37926)-(3579,39071)
edge: (3579,39071)-(2941,39071)
edge: (3706,35458)-(3706,36593)
edge: (3706,36593)-(3978,36593)
edge: (3978,36593)-(3978,37926)
edge: (3978,37926)-(3579,37926)
edge: (4168,34184)-(4168,35458)
edge: (4168,35458)-(3706,35458)
edge: (4183,61942)-(4183,62951)
edge: (4183,62951)-(4595,62951)
edge: (4208,33283)-(4208,34184)
edge: (4208,34184)-(4168,34184)
edge: (4369,64085)-(4369,65433)
edge: (4369,65433)-(5358,65433)
edge: (4595,62951)-(4595,64085)
edge: (4595,64085)-(4369,64085)
edge: (5195,66371)-(5195,67730)
edge: (5195,67730)-(5601,67730)
edge: (5303,32050)-(5303,33283)
edge: (5303,33283)-(4208,33283)
edge: (5358,65433)-(5358,66371)
edge: (5358,66371)-(5195,66371)
edge: (5479,31124)-(5479,32050)
edge: (5479,32050)-(5303,32050)
edge: (5601,67730)-(5601,68884)
edge: (5601,68884)-(6453,68884)
edge: (6400,29843)-(6400,31124)
edge: (6400,31124)-(5479,31124)
edge: (6453,68884)-(6453,69839)
edge: (6453,69839)-(6571,69839)
edge: (6498,28596)-(6498,29843)
edge: (6498,29843)-(6400,29843)
edge: (6571,69839)-(6571,71130)
edge: (6571,71130)-(7336,71130)
edge: (6717,27511)-(6717,28596)
edge: (6717,28596)-(6498,28596)
edge: (7282,26340)-(7282,27511)
edge: (7282,27511)-(6717,27511)
edge: (7336,71130)-(7336,72112)
edge: (7336,72112)-(7617,72112)
edge: (7617,72112)-(7617,73346)
edge: (7617,73346)-(8808,73346)
edge: (7694,25288)-(7694,26340)
edge: (7694,26340)-(7282,26340)
edge: (8327,24719)-(8327,25288)
edge: (8327,25288)-(7694,25288)
edge: (8808,73346)-(8808,74070)
edge: (8808,74070)-(9186,74070)
edge: (9186,74070)-(9186,75257)
edge: (9186,75257)-(9804,75257)
edge: (9728,23535)-(9728,24719)
edge: (9728,24719)-(8327,24719)
edge: (9804,75257)-(9804,76306)
edge: (9804,76306)-(10316,76306)
edge: (10122,22481)-(10122,23535)
edge: (10122,23535)-(9728,23535)
edge: (10316,76306)-(10316,77432)
edge: (10316,77432)-(11257,77432)
edge: (10731,21219)-(10731,22481)
edge: (10731,22481)-(10122,22481)
edge: (11068,20260)-(11068,21219)
edge: (11068,21219)-(10731,21219)
edge: (11257,77432)-(11257,78258)
edge: (11257,78258)-(12338,78258)
edge: (11832,19402)-(11832,20260)
edge: (11832,20260)-(11068,20260)
edge: (12338,78258)-(12338,78959)
edge: (12338,78959)-(12529,78959)
edge: (12529,78959)-(12529,80353)
edge: (12529,80353)-(13385,80353)
edge: (12719,18681)-(12719,19402)
edge: (12719,19402)-(11832,19402)
edge: (13385,80353)-(13385,81229)
edge: (13385,81229)-(14219,81229)
edge: (13753,17399)-(13753,18681)
edge: (13753,18681)-(12719,18681)
edge: (14147,16842)-(14147,17399)
edge: (14147,17399)-(13753,17399)
edge: (14219,81229)-(14219,82119)
edge: (14219,82119)-(14768,82119)
edge: (14768,82119)-(14768,83275)
edge: (14768,83275)-(15983,83275)
edge: (15341,15813)-(15341,16842)
edge: (15341,16842)-(14147,16842)
edge: (15983,83275)-(15983,83798)
edge: (15983,83798)-(16968,83798)
edge: (16031,15227)-(16031,15813)
edge: (16031,15813)-(15341,15813)
edge: (16968,83798)-(16968,84526)
edge: (16968,84526)-(18022,84526)
edge: (17157,14012)-(17157,15227)
edge: (17157,15227)-(16031,15227)
edge: (17695,13399)-(17695,14012)
edge: (17695,14012)-(17157,14012)
edge: (18022,84526)-(18022,85166)
edge: (18022,85166)-(18800,85166)
edge: (18782,12438)-(18782,13399)
edge: (18782,13399)-(17695,13399)
edge: (18800,85166)-(18800,86108)
edge: (18800,86108)-(19560,86108)
edge: (19560,86108)-(19560,87088)
edge: (19560,87088)-(20684,87088)
edge: (19572,12015)-(19572,12438)
edge: (19572,12438)-(18782,12438)
edge: (20684,87088)-(20684,87622)
edge: (20684,87622)-(21452,87622)
edge: (20791,11392)-(20791,12015)
edge: (20791,12015)-(19572,12015)
edge: (21452,87622)-(21452,88616)
edge: (21452,88616)-(22693,88616)
edge: (21840,10247)-(21840,11392)
edge: (21840,11392)-(20791,11392)
edge: (22519,10010)-(22519,10247)
edge: (22519,10247)-(21840,10247)
edge: (22693,88616)-(22693,88965)
edge: (22693,88965)-(23354,88965)
edge: (23354,88965)-(23354,90150)
edge: (23354,90150)-(24243,90150)
edge: (23828,9084)-(23828,10010)
edge: (23828,10010)-(22519,10010)
edge: (24243,90150)-(24243,91029)
edge: (24243,91029)-(25479,91029)
edge: (24678,8491)-(24678,9084)
edge: (24678,9084)-(23828,9084)
edge: (25479,91029)-(25479,91350)
edge: (25479,91350)-(26444,91350)
edge: (25744,7863)-(25744,8491)
edge: (25744,8491)-(24678,8491)
edge: (26444,91350)-(26444,92120)
edge: (26444,92120)-(27439,92120)
edge: (26788,6987)-(26788,7863)
edge: (26788,7863)-(25744,7863)
edge: (27439,92120)-(27439,92854)
edge: (27439,92854)-(28827,92854)
edge: (27707,6573)-(27707,6987)
edge: (27707,6987)-(26788,6987)
edge: (28827,92816)-(28827,92854)
edge: (28827,92816)-(29791,92816)
edge: (28870,5960)-(28870,6573)
edge: (28870,6573)-(27707,6573)
edge: (29791,92816)-(29791,93612)
edge: (29791,93612)-(31115,93612)
edge: (29935,5408)-(29935,5960)
edge: (29935,5960)-(28870,5960)
edge: (31033,4964)-(31033,5408)
edge: (31033,5408)-(29935,5408)
edge: (31115,93612)-(31115,93620)
edge: (31115,93620)-(32203,93620)
edge: (32177,4548)-(32177,4964)
edge: (32177,4964)-(31033,4964)
edge: (32203,93620)-(32203,94140)
edge: (32203,94140)-(33315,94140)
edge: (33315,94140)-(33315,94609)
edge: (33315,94609)-(34169,94609)
edge: (33332,4435)-(33332,4548)
edge: (33332,4548)-(32177,4548)
edge: (34169,94609)-(34169,95832)
edge: (34169,95832)-(35632,95832)
edge: (34588,4188)-(34588,4435)
edge: (34588,4435)-(33332,4435)
edge: (35632,95283)-(35632,95832)
edge: (35632,95283)-(36557,95283)
edge: (35787,4063)-(35787,4188)
edge: (35787,4188)-(34588,4188)
edge: (36557,95283)-(36557,96415)
edge: (36557,96415)-(37832,96415)
edge: (37014,3490)-(37014,4063)
edge: (37014,4063)-(35787,4063)
edge: (37832,96382)-(37832,96415)
edge: (37832,96382)-(39078,96382)
edge: (38116,3175)-(38116,3490)
edge: (38116,3490)-(37014,3490)
edge: (39078,96382)-(39078,96388)
edge: (39078,96388)-(40099,96388)
edge: (39292,3040)-(39292,3175)
edge: (39292,3175)-(38116,3175)
edge: (40099,96388)-(40099,97405)
edge: (40099,97405)-(41454,97405)
edge: (40506,2347)-(40506,3040)
edge: (40506,3040)-(39292,3040)
edge: (41454,96814)-(41454,97405)
edge: (41454,96814)-(42503,96814)
edge: (41616,2347)-(40506,2347)
edge: (41616,2347)-(41616,2950)
edge: (42503,96814)-(42503,97907)
edge: (42503,97907)-(43808,97907)
edge: (42946,2088)-(42946,2950)
edge: (42946,2950)-(41616,2950)
edge: (43808,97399)-(43808,97907)
edge: (43808,97399)-(44977,97399)
edge: (44053,2088)-(42946,2088)
edge: (44053,2088)-(44053,2542)
edge: (44977,97399)-(44977,97865)
edge: (44977,97865)-(46225,97865)
edge: (45327,2293)-(45327,2542)
edge: (45327,2542)-(44053,2542)
edge: (46225,97554)-(46225,97865)
edge: (46225,97554)-(47441,97554)
edge: (46520,2293)-(45327,2293)
edge: (46520,2293)-(46520,2372)
edge: (47441,97442)-(47441,97554)
edge: (47441,97442)-(48641,97442)
edge: (47737,1604)-(47737,2372)
edge: (47737,2372)-(46520,2372)
edge: (48641,97442)-(48641,97587)
edge: (48641,97587)-(49846,97587)
edge: (48928,1604)-(47737,1604)
edge: (48928,1604)-(48928,1823)
edge: (49846,97587)-(49846,98009)
edge: (49846,98009)-(51066,98009)
edge: (50154,1823)-(48928,1823)
edge: (50154,1823)-(50154,2178)
edge: (51066,98009)-(51066,98179)
edge: (51066,98179)-(52263,98179)
edge: (51365,1738)-(51365,2178)
edge: (51365,2178)-(50154,2178)
edge: (52263,97639)-(52263,98179)
edge: (52263,97639)-(53466,97639)
edge: (52602,1738)-(51365,1738)
edge: (52602,1738)-(52602,1788)
edge: (53466,97534)-(53466,97639)
edge: (53466,97534)-(54689,97534)
edge: (53826,1788)-(52602,1788)
edge: (53826,1788)-(53826,2273)
edge: (54689,97534)-(54689,97628)
edge: (54689,97628)-(55871,97628)
edge: (55007,2068)-(55007,2273)
edge: (55007,2273)-(53826,2273)
edge: (55871,97310)-(55871,97628)
edge: (55871,97310)-(57178,97310)
edge: (56260,2068)-(55007,2068)
edge: (56260,2068)-(56260,2614)
edge: (57178,97310)-(57178,97884)
edge: (57178,97884)-(58345,97884)
edge: (57414,2614)-(56260,2614)
edge: (57414,2614)-(57414,3231)
edge: (58345,97437)-(58345,97884)
edge: (58345,97437)-(59516,97437)
edge: (58537,2920)-(58537,3231)
edge: (58537,3231)-(57414,3231)
edge: (59516,97073)-(59516,97437)
edge: (59516,97073)-(60734,97073)
edge: (59832,2920)-(58537,2920)
edge: (59832,2920)-(59832,3681)
edge: (60734,96939)-(60734,97073)
edge: (60734,96939)-(61879,96939)
edge: (60904,3681)-(59832,3681)
edge: (60904,3681)-(60904,3946)
edge: (61879,96494)-(61879,96939)
edge: (61879,96494)-(63128,96494)
edge: (62081,3946)-(60904,3946)
edge: (62081,3946)-(62081,4131)
edge: (63128,96445)-(63128,96494)
edge: (63128,96445)-(64133,96445)
edge: (63283,4131)-(62081,4131)
edge: (63283,4131)-(63283,4652)
edge: (64133,95556)-(64133,96445)
edge: (64133,95556)-(65280,95556)
edge: (64387,4652)-(63283,4652)
edge: (64387,4652)-(64387,4844)
edge: (65280,95177)-(65280,95556)
edge: (65280,95177)-(66619,95177)
edge: (65596,4844)-(64387,4844)
edge: (65596,4844)-(65596,5340)
edge: (66619,95177)-(66619,95319)
edge: (66619,95319)-(67806,95319)
edge: (66703,5340)-(65596,5340)
edge: (66703,5340)-(66703,5487)
edge: (67806,94995)-(67806,95319)
edge: (67806,94995)-(68650,94995)
edge: (67945,5487)-(66703,5487)
edge: (67945,5487)-(67945,5728)
edge: (68650,93848)-(68650,94995)
edge: (68650,93848)-(69850,93848)
edge: (69166,5728)-(67945,5728)
edge: (69166,5728)-(69166,6794)
edge: (69850,93570)-(69850,93848)
edge: (69850,93570)-(70940,93570)
edge: (70019,6794)-(69166,6794)
edge: (70019,6794)-(70019,7116)
edge: (70940,93038)-(70940,93570)
edge: (70940,93038)-(72050,93038)
edge: (71206,7116)-(70019,7116)
edge: (71206,7116)-(71206,7226)
edge: (72050,92544)-(72050,93038)
edge: (72050,92544)-(72996,92544)
edge: (72517,7226)-(71206,7226)
edge: (72517,7226)-(72517,7707)
edge: (72996,91746)-(72996,92544)
edge: (72996,91746)-(74144,91746)
edge: (73651,7707)-(72517,7707)
edge: (73651,7707)-(73651,8446)
edge: (74144,91317)-(74144,91746)
edge: (74144,91317)-(75009,91317)
edge: (74640,8446)-(73651,8446)
edge: (74640,8446)-(74640,9118)
edge: (75009,90412)-(75009,91317)
edge: (75009,90412)-(76042,90412)
edge: (75664,9118)-(74640,9118)
edge: (75664,9118)-(75664,10000)
edge: (76042,89792)-(76042,90412)
edge: (76042,89792)-(77476,89792)
edge: (76545,10000)-(75664,10000)
edge: (76545,10000)-(76545,10362)
edge: (77476,89747)-(77476,89792)
edge: (77476,89747)-(78496,89747)
edge: (77777,10362)-(76545,10362)
edge: (77777,10362)-(77777,11195)
edge: (78496,89069)-(78496,89747)
edge: (78496,89069)-(79129,89069)
edge: (78686,11195)-(77777,11195)
edge: (78686,11195)-(78686,12344)
edge: (79129,87882)-(79129,89069)
edge: (79129,87882)-(80297,87882)
edge: (79340,12344)-(78686,12344)
edge: (79340,12344)-(79340,12818)
edge: (80297,87400)-(80297,87882)
edge: (80297,87400)-(81224,87400)
edge: (80515,12818)-(79340,12818)
edge: (80515,12818)-(80515,13383)
edge: (81224,86608)-(81224,87400)
edge: (81224,86608)-(81914,86608)
edge: (81638,13383)-(80515,13383)
edge: (81638,13383)-(81638,14591)
edge: (81914,85553)-(81914,86608)
edge: (81914,85553)-(82633,85553)
edge: (82196,14591)-(81638,14591)
edge: (82196,14591)-(82196,14977)
edge: (82633,84550)-(82633,85553)
edge: (82633,84550)-(83848,84550)
edge: (83505,14977)-(82196,14977)
edge: (83505,14977)-(83505,16181)
edge: (83848,84065)-(83848,84550)
edge: (83848,84065)-(84879,84065)
edge: (84036,16181)-(83505,16181)
edge: (84036,16181)-(84036,16826)
edge: (84879,83369)-(84879,84065)
edge: (84879,83369)-(85154,83369)
edge: (85122,16826)-(84036,16826)
edge: (85122,16826)-(85122,17980)
edge: (85154,81966)-(85154,83369)
edge: (85154,81966)-(86514,81966)
edge: (85670,17980)-(85122,17980)
edge: (85670,17980)-(85670,19070)
edge: (86263,19070)-(85670,19070)
edge: (86263,19070)-(86263,19578)
edge: (86514,81550)-(86514,81966)
edge: (86514,81550)-(87135,81550)
edge: (87135,80478)-(87135,81550)
edge: (87135,80478)-(87908,80478)
edge: (87553,19578)-(86263,19578)
edge: (87553,19578)-(87553,20767)
edge: (87908,79538)-(87908,80478)
edge: (87908,79538)-(88919,79538)
edge: (88016,20767)-(87553,20767)
edge: (88016,20767)-(88016,21839)
edge: (88608,21839)-(88016,21839)
edge: (88608,21839)-(88608,22815)
edge: (88919,78771)-(88919,79538)
edge: (88919,78771)-(89515,78771)
edge: (89324,22815)-(88608,22815)
edge: (89324,22815)-(89324,23773)
edge: (89515,77691)-(89515,78771)
edge: (89515,77691)-(90131,77691)
edge: (90072,23773)-(89324,23773)
edge: (90072,23773)-(90072,24865)
edge: (90131,76633)-(90131,77691)
edge: (90131,76633)-(90666,76633)
edge: (90613,24865)-(90072,24865)
edge: (90613,24865)-(90613,25784)
edge: (90666,75528)-(90666,76633)
edge: (90666,75528)-(91073,75528)
edge: (91073,74355)-(91073,75528)
edge: (91073,74355)-(91531,74355)
edge: (91439,25784)-(90613,25784)
edge: (91439,25784)-(91439,26819)
edge: (91531,73226)-(91531,74355)
edge: (91531,73226)-(92298,73226)
edge: (92080,26819)-(91439,26819)
edge: (92080,26819)-(92080,27995)
edge: (92298,72267)-(92298,73226)
edge: (92298,72267)-(93369,72267)
edge: (92456,27995)-(92080,27995)
edge: (92456,27995)-(92456,28855)
edge: (93369,71446)-(93369,72267)
edge: (93369,71446)-(93526,71446)
edge: (93456,28855)-(92456,28855)
edge: (93456,28855)-(93456,30075)
edge: (93526,70168)-(93526,71446)
edge: (93526,70168)-(94141,70168)
edge: (93733,30075)-(93456,30075)
edge: (93733,30075)-(93733,31143)
edge: (94141,69110)-(94141,70168)
edge: (94141,69110)-(94390,69110)
edge: (94332,31143)-(93733,31143)
edge: (94332,31143)-(94332,32193)
edge: (94390,67896)-(94390,69110)
edge: (94390,67896)-(94801,67896)
edge: (94800,48628)-(94800,50143)
edge: (94800,50143)-(1936,50143)
edge: (94801,66755)-(94801,67896)
edge: (94801,66755)-(95642,66755)
edge: (94829,33560)-(94829,34660)
edge: (94829,33560)-(94995,33560)
edge: (94995,32193)-(94332,32193)
edge: (94995,32193)-(94995,33560)
edge: (95352,34660)-(94829,34660)
edge: (95352,34660)-(95352,35816)
edge: (95642,65764)-(95642,66755)
edge: (95642,65764)-(96214,65764)
edge: (95717,35816)-(95352,35816)
edge: (95717,35816)-(95717,36836)
edge: (95748,63248)-(95748,64662)
edge: (95748,63248)-(95974,63248)
edge: (95974,62061)-(95974,63248)
edge: (95974,62061)-(96485,62061)
edge: (96214,64662)-(95748,64662)
edge: (96214,64662)-(96214,65764)
edge: (96354,38156)-(96354,39394)
edge: (96354,38156)-(96569,38156)
edge: (96376,39394)-(96354,39394)
edge: (96376,39394)-(96376,40441)
edge: (96485,60944)-(96485,62061)
edge: (96485,60944)-(96976,60944)
edge: (96569,36836)-(95717,36836)
edge: (96569,36836)-(96569,38156)
edge: (96976,59810)-(96976,60944)
edge: (96976,59810)-(97628,59810)
edge: (97281,40441)-(96376,40441)
edge: (97281,40441)-(97281,41617)
edge: (97353,42900)-(97353,44047)
edge: (97353,42900)-(97650,42900)
edge: (97418,54975)-(97418,56200)
edge: (97418,54975)-(98081,54975)
edge: (97473,56200)-(97418,56200)
edge: (97473,56200)-(97473,57459)
edge: (97478,52560)-(97478,53816)
edge: (97478,52560)-(97695,52560)
edge: (97494,47743)-(97494,48929)
edge: (97494,47743)-(98312,47743)
edge: (97609,45312)-(97609,46476)
edge: (97609,45312)-(97963,45312)
edge: (97628,58694)-(97628,59810)
edge: (97628,58694)-(97673,58694)
edge: (97650,41617)-(97281,41617)
edge: (97650,41617)-(97650,42900)
edge: (97673,57459)-(97473,57459)
edge: (97673,57459)-(97673,58694)
edge: (97695,51361)-(97695,52560)
edge: (97695,51361)-(97819,51361)
edge: (97819,50153)-(97819,51361)
edge: (97963,44047)-(97353,44047)
edge: (97963,44047)-(97963,45312)
edge: (98081,53816)-(97478,53816)
edge: (98081,53816)-(98081,54975)
edge: (98312,46476)-(97609,46476)
edge: (98312,46476)-(98312,47743)
edge: (98347,48929)-(97494,48929)
edge: (98347,48929)-(98347,50153)
edge: (98347,50153)-(97819,50153)
